0.012
0.168
0.483
5.486
0.001
0.105
0.063
0.243
3.965
0.029
0.083
0.867
0.007
0.031
8.194
3.021
0.513
14.286
0.012
1.603
0.29
1.368
0.078
51.081
0.054
0.316
0.001
5.684
0.014
0.008
2.242
0.295
0.004
0.005
0.807
0.005
0.605
0.0
0.256
0.001
0.468
0.571
0.607
0.055
0.666
0.016
0.271
0.004
0.297
0.247
0.006
1.197
0.052
1.571
0.209
5.344
12.635
0.001
0.001
0.005
0.103
1.756
0.053
0.121
0.942
0.441
0.0
1.471
0.023
0.015
0.006
0.006
0.001
2.25
9.822
0.05
0.006
0.157
124.437
0.015
0.022
1.005
0.16
0.032
43.164
3.903
0.157
14.705
0.024
0.029
0.042
0.003
1.816
0.294
0.002
0.0
24.712
4.181
1.803
0.0
0.003
0.042
0.014
0.254
0.027
4.142
0.504
0.239
87.947
0.126
0.109
0.101
0.08
0.017
0.043
0.071
0.52
0.01
7.953
7.052
3.192
0.748
0.021
0.01
0.031
103.112
0.012
5.942
0.001
0.003
3.239
0.031
0.001
0.002
5.709
0.88
0.039
0.003
0.0
6.906
11.481
0.643
7.088
6.123
0.266
0.092
0.135
0.0
0.114
0.025
9.534
1.438
0.403
0.022
0.717
6.543
9.057
0.985
82.45
1.015
67.575
0.006
30.449
71.409
38.785
0.698
0.608
3.948
21.81
21.408
0.543
1.402
0.048
0.311
0.0
0.22
0.017
0.385
0.494
6.392
0.044
0.911
27.509
0.25
0.973
8.521
6.59
0.054
5.173
0.014
26.75
0.01
0.363
0.225
9.676
0.011
0.026
0.046
38.58
0.086
245.011
19.725
0.003
0.021
0.005
0.031
0.0
2.395
20.432
3.735
0.066
4.994
11.534
2.397
0.031
2.37
0.098
3.409
3.118
59.272
0.188
0.804
0.065
0.179
0.012
0.056
0.004
0.009
1.288
0.135
0.869
0.238
2.216
0.004
0.294
0.008
6.996
0.0
0.004
0.122
1.311
1.26
0.182
0.003
0.061
0.23
0.004
0.012
0.376
0.039
0.124
10.042
0.001
0.006
1.916
56.597
0.007
1.557
0.058
0.009
0.285
0.156
8.34
8.961
0.018
0.421
1.375
0.004
0.094
0.035
1.106
0.148
0.127
0.264
62.126
0.123
0.044
0.12
0.037
17.133
0.256
0.088
0.091
0.624
0.028
0.002
35.79
0.278
4.304
2.103
0.069
3.964
0.023
0.081
2.222
0.31
0.106
12.628
0.059
0.007
0.001
0.068
2.593
0.093
0.0
0.449
0.071
0.154
0.011
34.925
23.902
0.407
3.209
0.08
0.041
68.875
0.122
0.065
0.541
0.007
0.053
0.001
0.191
0.213
0.443
0.012
1.853
0.012
0.116
0.012
0.082
2.933
0.222
0.001
0.065
0.001
11.269
0.452
0.549
0.033
0.031
0.017
9.002
0.09
17.775
0.004
0.093
0.234
0.139
0.142
0.206
0.166
0.177
0.093
0.135
0.0
2.025
0.912
0.266
61.926
0.024
0.019
0.061
0.498
0.07
4.781
0.0
0.061
0.01
0.0
149.033
33.586
0.228
0.028
1.488
108.108
3.318
2.783
0.003
2.644
0.102
56.869
0.385
4.56
0.09
26.925
0.628
0.012
0.529
0.101
0.403
0.007
0.0
0.702
0.076
0.002
1.468
0.554
0.005
13.633
0.01
0.069
0.011
0.753
0.011
0.207
0.151
1.377
0.0
0.904
0.002
0.027
0.016
0.042
0.098
0.293
33.582
3.949
0.006
3.752
1.898
7.013
7.405
0.268
1.88
2.806
1.231
0.016
0.006
0.215
0.181
0.011
30.104
0.139
0.064
14.189
1.265
2.076
1.221
0.044
0.327
0.28
0.011
0.061
7.132
0.009
0.747
0.001
56.072
0.476
0.067
0.943
1.925
0.006
3.286
0.012
10.304
2.608
0.047
0.017
0.043
0.0
0.194
0.778
74.193
65.157
0.026
104.231
0.794
0.045
4.803
0.0
0.072
0.297
0.163
3.836
4.347
0.045
0.019
0.005
0.592
0.079
0.677
19.479
0.252
0.189
0.004
0.035
0.167
0.035
1.571
0.002
0.02
0.047
0.076
0.006
1.395
0.009
0.261
0.038
0.499
0.713
0.199
0.015
0.013
0.007
0.056
0.0
0.194
0.049
0.0
0.153
0.401
0.011
0.006
0.008
0.004
5.282
0.11
6.598
1.061
6.37
0.016
0.003
0.294
0.268
0.14
0.225
16.244
5.061
0.019
0.152
4.525
2.069
0.139
10.505
1.289
0.458
4.51
0.059
0.009
1.659
0.005
0.024
0.064
0.033
0.045
358.727
0.001
0.241
0.333
0.148
0.002
0.014
0.007
0.055
1.447
0.015
0.026
0.002
0.002
6.966
0.021
22.574
0.185
0.898
0.004
2.448
0.011
0.454
0.537
0.048
3.761
0.012
1.261
2.752
41.931
14.232
0.033
0.002
0.174
0.072
0.145
0.0
0.032
0.03
0.017
1.196
0.124
0.028
8.52
0.908
0.026
0.027
0.814
0.001
5.69
0.063
0.004
0.042
0.007
0.419
0.016
0.088
0.017
0.028
0.041
8.249
0.007
0.248
3.634
4.324
2.146
0.69
0.014
1.312
0.193
1.296
1.026
0.176
0.98
0.1
0.307
4.555
33.398
0.548
12.46
0.036
0.008
0.238
0.233
0.034
0.018
0.031
0.011
6.346
0.0
0.034
1.231
1.297
7.841
0.004
0.029
0.003
0.004
0.147
0.546
0.02
0.005
15.384
0.0
0.008
175.542
1.75
0.042
0.104
0.0
0.098
112.44
0.0
0.187
0.238
0.373
0.598
4.568
0.28
1.053
0.409
0.443
11.964
0.042
0.002
0.0
4.696
0.001
0.205
23.52
0.001
0.805
0.196
0.057
5.773
0.385
16.549
0.958
0.267
0.0
2.653
0.001
0.247
4.517
0.003
9.957
0.003
0.001
0.278
0.062
0.001
0.011
105.039
6.263
0.181
0.247
0.399
1.886
0.088
0.96
0.022
0.042
0.07
0.143
0.792
0.072
73.765
0.308
2.502
0.013
0.016
0.001
0.08
0.044
0.005
1.437
3.568
101.634
0.252
0.217
24.999
0.007
2.201
0.025
0.012
0.04
0.375
0.009
0.005
0.001
0.001
5.396
18.576
0.006
0.022
0.048
10.819
0.018
0.427
0.003
0.031
0.506
0.462
0.098
0.52
0.006
34.084
0.0
1.264
0.002
0.032
0.109
0.108
13.024
0.001
0.011
0.0
0.047
0.094
0.256
0.321
0.0
1.843
9.124
0.112
1.731
1.443
119.041
0.002
29.885
85.749
0.0
0.002
0.577
16.866
0.002
534.297
0.982
0.549
0.043
0.002
1.412
0.079
0.532
0.034
10.612
14.694
0.0
0.075
0.737
15.245
8.199
0.028
0.055
0.918
0.0
43.685
0.069
75.15
0.029
0.006
0.351
20.106
2.523
4.85
0.322
0.039
0.006
1.039
0.004
0.0
0.197
0.28
1.039
4.521
12.631
0.032
0.004
0.198
1.62
0.611
12.568
0.008
0.256
0.05
0.005
44.766
0.112
9.071
2.365
0.029
3.943
0.124
0.044
0.241
0.439
0.127
1.065
0.003
1.186
1.212
0.262
0.002
0.006
1.672
0.086
0.019
0.04
0.005
0.028
0.0
0.221
1.599
0.19
0.069
0.236
0.0
0.167
0.159
26.37
0.163
0.865
0.003
3.399
0.114
0.182
0.046
0.0
0.038
0.116
4.075
0.03
0.023
0.203
4.853
0.047
0.5
0.169
4.26
0.94
6.66
3.678
0.106
0.024
5.592
0.014
2.419
0.03
0.659
0.01
0.002
16.07
0.014
0.062
34.092
0.031
0.014
75.115
0.029
3.347
5.014
1.323
0.021
1.019
0.076
0.808
0.007
0.002
0.22
0.153
0.02
0.003
0.005
12.224
0.617
9.648
0.058
0.018
0.942
0.179
0.127
1.87
1.603
6.057
0.133
6.954
0.001
102.118
0.277
0.197
1.792
0.003
2.115
0.176
0.06
5.98
4.203
6.133
0.008
1.212
0.561
35.77
0.294
0.182
0.0
0.046
2.362
0.155
0.022
130.464
0.531
6.535
0.964
0.003
0.041
0.498
8.876
0.502
0.286
0.568
0.684
0.112
0.114
3.69
0.003
1.132
0.015
0.73
0.017
11.428
0.0
1.638
4.119
76.161
1.509
137.747
0.019
3.278
0.316
26.084
0.427
0.061
8.892
0.956
0.135
0.033
1.397
45.185
0.027
4.196
9.202
0.245
0.064
0.137
0.27
0.106
0.671
0.011
8.119
0.135
0.958
0.799
0.031
0.001
0.132
0.446
11.065
0.008
0.065
0.0
2.409
0.083
0.018
0.092
0.047
1.243
14.754
0.0
10.213
0.553
0.042
0.777
0.054
0.092
0.007
0.226
0.132
0.033
0.17
0.563
0.002
0.145
6.067
0.232
4.515
0.112
0.051
0.035
66.253
0.001
0.003
17.681
21.469
1.998
0.549
0.009
1.276
0.004
0.408
0.016
0.009
83.61
0.001
0.166
0.039
0.016
3.312
0.442
0.001
1.389
0.02
0.005
144.893
0.064
0.003
0.012
0.003
0.025
0.0
1.073
0.069
11.157
61.711
0.008
0.141
11.529
0.001
1.415
34.079
0.233
0.129
28.857
0.725
0.001
0.001
0.102
0.006
1.077
0.0
0.0
3.963
1.379
8.639
0.901
0.128
0.151
0.004
0.067
0.091
7.883
0.021
0.084
3.001
5.202
0.036
1.473
1.406
7.68
0.34
1.513
0.039
0.007
0.001
69.605
0.046
0.038
86.325
0.004
31.661
0.401
0.041
0.046
0.014
0.0
0.002
0.122
0.009
0.001
1.514
7.468
0.001
246.025
0.612
0.08
0.003
1.044
0.011
0.003
0.098
0.539
0.23
75.232
0.056
1.129
0.016
6.714
7.594
15.644
2.653
0.019
0.009
0.389
0.005
1.662
0.168
0.02
0.606
0.01
0.181
7.893
8.212
0.002
0.004
0.111
0.113
0.073
0.32
81.412
57.58
0.884
0.055
2.039
0.096
0.06
4.003
0.104
0.033
21.082
0.213
0.037
0.852
0.265
0.0
0.05
0.025
10.046
0.0
0.0
0.002
0.013
0.01
0.102
4.855
1.927
1.12
0.032
0.05
0.003
0.0
0.08
0.003
0.393
3.299
0.514
0.08
0.966
370.321
5.177
0.001
1.777
1.721
0.074
0.001
0.058
0.328
0.105
2.591
0.366
0.552
17.943
0.003
0.09
1.044
24.13
0.011
0.003
0.007
15.779
0.008
13.68
0.8
0.006
0.088
104.231
1.114
1.71
1.791
0.0
0.044
31.922
9.209
0.007
0.01
36.947
0.282
1.109
0.001
0.685
0.182
1.153
0.33
0.048
1.89
0.166
2.495
0.004
0.062
8.66
0.673
0.0
1.1
0.02
0.012
0.007
0.676
0.003
35.148
0.449
0.601
0.129
0.104
0.097
0.076
89.675
1.016
0.023
2.091
0.088
1.106
25.77
0.55
0.077
0.09
0.158
3.612
0.99
1.155
0.216
5.421
33.46
0.08
0.125
0.066
0.149
0.005
0.218
0.002
18.037
1.357
0.055
21.78
0.019
0.969
0.0
0.097
0.006
5.79
0.008
0.158
80.518
0.038
2.989
1.772
0.185
0.063
5.174
0.026
4.041
0.028
0.101
0.003
0.002
7.418
0.209
43.421
0.018
0.028
0.007
0.001
2.297
0.013
0.708
0.043
37.201
0.085
0.003
0.051
9.095
0.004
0.979
0.001
0.015
7.362
11.34
0.197
0.323
11.96
0.091
4.176
58.935
5.47
22.204
2.042
0.0
0.003
0.015
0.758
0.018
0.044
1.507
1.098
0.129
0.449
4.206
0.009
0.038
187.366
0.288
0.028
2.506
0.001
1.999
0.072
1.281
0.023
2.294
1.566
0.008
609.42
0.001
0.002
5.102
0.0
0.0
0.103
0.0
0.202
1.13
0.015
1.849
44.064
0.133
0.0
0.126
13.534
0.028
2.818
0.42
0.025
0.002
0.139
0.027
0.047
0.076
0.428
125.0
8.456
1.93
0.08
0.005
4.196
0.623
0.027
0.007
0.13
0.002
0.234
0.298
0.071
7.23
0.066
4.194
0.575
0.064
0.0
0.004
0.002
0.002
0.072
0.027
0.0
0.0
0.006
0.028
3.764
0.236
25.843
26.971
249.727
0.024
9.803
3.816
0.523
0.062
0.09
7.503
0.444
2.208
0.104
0.001
0.001
0.009
51.377
10.313
0.285
0.076
1.02
15.179
1.241
0.155
1.553
1.191
102.955
0.359
106.985
1478.711
0.025
0.008
0.0
1.529
3.234
0.04
0.003
0.104
0.143
23.048
0.214
0.022
0.039
6.824
0.0
14.13
0.059
0.0
0.088
3.044
3.296
0.398
0.738
0.951
632.845
0.008
0.002
0.619
1.036
0.054
0.087
0.574
0.346
0.0
0.111
0.406
3.601
0.627
0.003
0.007
19.928
0.431
0.0
15.971
135.444
362.209
106.675
0.556
0.037
0.841
0.01
0.04
0.0
0.007
1.432
0.834
5.378
0.291
0.012
0.531
0.006
0.068
0.196
0.247
0.075
0.048
0.004
0.532
0.032
3.684
6.532
9.468
24.224
0.097
11.908
15.998
0.052
0.001
0.615
0.238
0.296
124.932
0.043
0.02
5.336
0.264
0.459
11.391
0.997
0.623
0.14
0.008
0.119
0.141
0.026
0.459
0.011
287.559
40.836
0.049
52.865
1.908
0.329
0.029
4.467
0.027
0.002
0.014
3.031
0.0
12.296
0.063
0.779
4.68
0.05
1.502
0.006
0.92
1.396
0.114
0.0
1.261
57.693
0.05
7.215
0.01
0.203
0.045
0.0
0.12
0.124
0.121
0.0
0.001
1.159
0.122
1170.757
36.508
0.0
19.026
8.601
0.115
3.386
0.911
0.028
13.963
2.594
0.0
0.001
0.067
2.475
0.0
5.573
0.073
0.136
2.121
0.032
0.165
0.0
1.211
0.0
24.161
12.194
0.069
0.118
0.014
0.021
2.621
0.033
0.042
0.162
3.181
1.106
0.0
0.135
6.15
0.0
0.004
0.0
0.088
140.466
0.005
1.674
0.008
0.299
3.092
0.08
0.554
0.854
0.004
1.609
35.911
0.026
0.046
0.002
0.975
0.315
0.083
0.092
0.003
0.038
0.135
0.009
0.085
0.04
2.047
59.271
0.001
0.0
0.606
0.001
931.963
0.044
0.25
0.029
0.639
0.014
0.002
0.247
0.427
0.049
18.463
0.458
0.013
0.506
1.889
0.442
0.031
0.002
5.489
0.038
0.309
0.02
2.717
2.188
1.172
4.031
4.701
3.913
0.005
0.236
37.916
0.435
0.143
0.013
14.429
0.158
0.501
0.009
16.969
0.455
120.26
0.014
0.083
0.022
0.03
0.003
0.944
0.164
2.309
0.0
5.465
20.007
15.645
0.004
0.0
7.893
77.491
0.13
0.147
0.009
0.042
0.006
2.862
0.001
0.0
0.001
31.838
16.056
0.002
43.972
0.036
0.121
0.932
0.55
1.802
0.056
0.01
0.123
0.216
0.003
69.602
23.887
0.007
6.739
0.288
0.008
0.779
1.369
8.923
5.378
0.001
0.023
0.541
5.804
0.039
0.0
44.968
0.25
2.107
0.283
111.834
0.02
0.004
0.175
2.304
0.002
0.001
5.905
8.833
14.403
1.433
0.073
0.015
1.45
0.029
0.53
11.025
0.005
0.591
32.986
2.132
2.742
0.003
3.008
2.245
5.506
4.698
2.07
0.684
0.066
1105.985
0.028
0.268
0.064
86.213
0.002
0.002
0.001
0.0
4.041
0.044
0.007
0.414
1.256
31.341
0.004
1.656
1.087
0.369
0.021
0.016
5.277
29.508
0.01
0.093
0.0
13.67
0.079
0.028
0.015
6.12
0.246
0.003
0.0
0.458
3.257
0.182
0.489
0.049
74.125
0.093
0.125
0.436
4.769
3.301
0.013
0.867
0.074
16.678
0.0
0.0
0.006
15.746
0.107
0.114
0.004
0.006
5.137
0.194
2.922
0.044
0.163
4.393
0.385
0.0
0.004
5.623
0.808
3.901
12.981
0.026
0.084
6.727
0.404
66.745
0.0
0.021
0.001
0.0
74.721
0.125
75.796
0.107
12.734
0.009
0.453
0.006
0.428
5.568
0.001
5.193
0.016
10.589
1.112
0.224
0.331
0.0
0.006
36.806
77.077
0.149
0.733
0.624
1.847
0.845
0.054
0.009
3.133
52.372
8.279
9.743
1.11
0.099
0.001
1.542
27.04
0.149
0.215
0.012
0.117
0.231
0.021
112.49
0.076
0.33
0.001
0.053
0.023
7.214
9.953
0.0
0.002
0.002
0.026
57.189
1.942
156.675
0.003
9.503
1.372
0.279
0.016
0.0
0.048
0.952
0.001
0.358
0.001
0.019
0.0
0.254
0.004
0.0
0.021
0.196
0.071
0.305
0.0
0.112
0.005
0.034
0.001
7.138
0.062
0.0
4.964
0.024
29.04
0.144
4.039
1.804
0.073
8.925
0.281
0.006
0.478
0.072
0.004
0.037
0.068
0.043
0.001
0.045
4.538
0.439
6.327
