-21.77
-21.35
-9.19
-18.85
-31.42
-20.17
-20.08
-9.5
-24.52
-15.09
-19.27
-11.83
-16.16
-17.87
-19.65
0.91
-21.77
-26.7
-15.02
-10.96
-11.67
-20.23
-12.29
-28.52
-21.49
-6.31
-9.86
-29.18
-19.16
-24.48
-5.5
-16.89
-20.53
-11.44
-25.96
-23.94
-29.31
-13.89
-12.41
-26.62
-23.64
-16.41
-17.64
-13.91
-17.98
-10.03
-22.14
-14.17
-16.08
-28.36
-20.87
-23.96
-25.67
-12.5
-27.1
-16.42
-23.35
-24.56
-16.07
-22.39
-3.81
-12.91
-27.2
-22.66
-22.01
-21.2
-15.0
-10.81
-10.52
-13.76
-8.65
-27.44
-22.92
-13.96
-18.23
-16.14
-22.76
-20.91
-13.81
1.06
-10.81
-22.06
-22.32
-19.85
-20.0
-16.1
-26.07
-22.95
-19.21
-11.9
-17.86
-20.07
-8.62
-26.81
-10.36
-20.08
-20.47
-10.54
-7.51
-16.53
-10.67
-27.8
-10.04
-13.27
-8.85
-13.07
-16.97
-17.04
-7.18
-21.37
-28.11
-13.2
-10.11
-5.15
-14.09
-20.49
-22.98
-12.46
-23.37
-13.78
-17.27
-21.17
-16.88
-23.89
-23.41
-23.09
-16.11
-17.79
-16.75
-27.37
-6.55
-6.09
-16.96
-22.56
-25.15
-35.21
-10.92
-27.41
-23.42
-17.63
-22.6
-19.97
-7.18
-18.74
-20.78
-18.02
-16.2
-19.43
-18.29
-13.3
-17.84
-9.27
-15.84
-28.77
-19.61
-15.73
-17.54
-26.97
-17.35
-11.63
-22.59
-15.48
-20.23
-17.46
-20.78
-4.78
-17.22
-16.07
-14.95
-21.82
-1.95
-15.34
-14.85
-24.91
-20.85
-16.35
-9.71
-4.54
-23.17
-28.09
-10.2
-27.23
-28.93
-16.31
-16.52
-18.72
-14.48
-15.3
-20.53
-23.77
-22.79
-14.29
-17.87
-22.26
-12.66
-19.96
-27.49
-22.61
-9.59
-20.67
-18.71
-11.88
-22.38
-17.71
-18.55
-21.27
-13.02
-18.98
-10.54
-19.83
-20.99
-18.47
-10.25
-9.81
-9.1
-12.31
-18.15
-15.55
-8.66
-16.39
-27.2
-12.81
-18.05
-22.7
-17.94
-19.06
-8.44
-9.84
-22.16
-16.23
-10.32
-17.89
-15.44
-26.69
-9.68
-18.1
-15.33
-16.19
-3.47
-26.56
-11.59
-20.57
-7.11
-22.02
-14.14
-24.3
-10.02
-11.96
-17.67
-20.64
-5.68
-21.29
-18.61
-17.2
-19.83
-17.88
-7.28
-18.83
-20.07
-14.06
-4.37
-1.04
-22.63
-23.74
-11.72
-27.83
-21.24
-18.25
-14.11
-10.83
-25.2
-18.2
-2.48
-19.94
-16.86
-18.47
-19.94
-14.87
-14.87
-15.4
-15.75
-26.84
-18.45
-19.79
-24.91
-20.25
-14.48
-17.13
-18.82
-17.02
-15.03
-21.11
-23.64
-19.86
-24.78
-13.45
-21.35
-22.05
-27.71
-16.46
-18.79
-14.73
-17.34
-14.84
-13.95
-20.06
-23.92
-0.96
-1.47
-23.37
-24.2
-21.88
-26.08
-24.91
-29.83
-22.94
-23.08
-18.49
-19.16
-15.24
-12.72
-20.76
-15.3
-16.14
-14.95
-12.0
-23.15
-18.2
-10.35
-22.91
-13.67
-22.93
-10.19
-12.81
-25.28
-15.36
-21.56
-22.32
-7.93
-9.64
-20.66
-15.33
-15.3
-13.39
-19.3
-21.71
-13.76
-13.78
-20.86
-24.44
-0.9
-23.11
-24.69
-14.07
-20.79
-17.63
-13.57
-31.81
-3.76
-15.42
-24.84
-14.63
-7.84
-19.38
-18.85
-29.85
-9.15
-24.92
-2.43
-14.81
-9.1
-12.65
-10.22
-14.15
-23.37
-17.67
-33.84
-31.39
-26.34
-17.25
-7.19
-23.35
-0.35
-29.31
-18.55
-12.76
-17.81
-23.8
-9.3
-4.16
-10.81
-14.88
-31.56
-12.5
-4.71
-16.7
-5.96
-0.65
-3.3
-21.97
-14.23
-10.87
-20.14
-6.53
-17.65
-10.65
-23.06
-25.37
-17.97
-29.24
-18.68
-19.66
-19.59
-11.5
-15.18
-19.91
-20.36
-18.84
-21.94
-20.76
-16.48
-15.62
-18.38
-21.58
-11.29
-11.19
-10.7
-18.51
-10.3
-21.29
-17.72
-20.4
-14.37
-14.8
-15.64
-15.08
-17.41
-11.79
-13.16
-8.78
-18.46
-6.83
-17.65
-11.76
-18.14
-14.51
-19.43
-20.69
-14.81
-25.06
-10.13
-14.15
-5.01
-13.09
-9.19
-19.04
-23.41
-12.24
-15.4
-24.96
-12.97
-3.58
-19.81
-21.5
-20.85
-17.2
-16.28
-10.8
-16.31
-11.28
-9.58
-3.69
-16.22
-5.52
-23.01
-12.8
-20.95
-13.42
-8.58
-22.71
-9.47
-17.05
-19.08
-25.07
-18.13
-24.21
-22.14
-24.04
-14.33
-25.78
-6.01
-26.12
-20.77
-9.96
-26.37
-28.22
-15.37
-18.18
-19.69
-25.29
-7.92
-9.39
-20.88
-19.84
-3.59
-25.23
-6.74
-16.23
-13.53
-21.85
-20.06
-21.89
-9.57
-19.84
-20.35
-10.56
-15.63
-16.56
-16.46
-19.05
-16.04
-8.74
-8.52
-17.9
-13.41
-2.92
-16.33
-16.0
-14.34
-28.12
-4.27
-25.33
-20.08
-16.09
-17.42
-20.59
-12.91
-12.67
-20.21
-16.03
-13.62
-15.4
-18.57
-16.88
-19.68
-12.29
-15.19
-22.08
-19.83
-19.87
-2.65
-17.91
-7.57
-20.51
-17.69
-14.81
-22.0
-15.84
-10.31
-9.36
-11.03
-20.07
-20.83
-19.53
-17.67
-15.85
-17.73
-24.71
-8.76
-21.1
-22.3
-18.24
-18.27
-14.23
-17.22
-31.62
-19.55
-18.8
-22.75
-10.89
-2.17
-13.61
-12.5
-11.13
-12.22
-24.14
-19.82
-19.84
-16.53
-3.89
-20.46
-6.27
-15.02
-14.07
-13.97
-9.32
-17.47
-19.39
-15.77
-16.5
-22.07
-17.36
-15.76
-19.14
-23.94
-10.71
-25.58
-7.53
-22.22
-13.59
-22.04
-8.0
-16.6
-16.72
-13.35
-19.8
-13.18
-19.54
-12.04
-22.96
-26.17
-19.03
-9.53
-12.59
-23.62
-21.16
-14.14
-18.67
-10.97
-27.62
-27.58
-16.05
-19.68
-19.75
-13.82
-13.13
-9.35
-20.83
-21.42
-15.51
-20.66
-22.69
-27.96
-11.59
-22.64
-19.95
-30.07
-19.36
-22.65
-21.62
-17.82
-2.92
-18.07
-23.68
-20.28
-20.62
-13.34
-27.74
-27.27
-17.79
-28.56
-11.97
-8.63
-15.72
-22.04
-14.95
-9.19
-12.25
-14.17
-12.98
-14.06
-13.68
-16.88
-16.96
5.84
-18.17
-19.9
-11.75
-18.67
-28.78
-11.03
-15.8
-15.47
-33.12
-11.09
-17.55
-22.5
-26.37
-8.52
-22.63
-13.28
-13.51
-10.97
-7.9
-6.69
-22.5
-20.12
-15.72
-23.27
-25.84
-7.41
-11.69
-26.92
-12.98
-12.68
-16.78
-20.19
-22.37
-14.25
-3.21
-24.26
-19.49
-21.4
-24.71
-31.99
-9.59
-10.56
-2.14
-13.71
-13.63
-15.84
-22.94
-20.18
-19.65
-24.26
-2.24
-17.99
-11.41
-18.1
-26.79
-1.4
-7.51
-15.56
-22.38
-33.96
-8.9
-12.41
-13.79
-15.7
-17.54
-20.11
-12.7
-19.97
-5.64
-14.84
1.26
-25.63
-22.65
-19.43
-9.19
-20.0
-22.6
-15.07
-22.18
-13.24
-15.28
-11.88
-22.53
-21.37
-16.52
-16.53
-21.51
-21.33
-27.37
-21.99
-15.01
-31.79
-12.59
-27.67
-16.25
-19.74
-20.61
-0.59
-20.16
-16.57
-14.94
-21.89
-26.99
-12.17
-18.2
-10.66
-10.99
-22.7
-12.24
-18.54
-17.22
-13.6
-11.69
-20.36
-14.11
-14.67
-16.02
-11.62
-23.3
-27.79
-24.98
-16.56
-8.07
-9.84
-28.85
-24.46
-25.7
-12.51
-12.1
-19.42
-6.74
-17.67
-24.66
-11.21
-11.79
-13.18
-11.79
-17.86
-15.68
-10.32
-19.43
-3.68
-11.52
-11.87
-18.18
-22.24
-14.72
-20.93
-18.74
-16.03
-20.07
-18.33
-25.87
-13.51
-25.93
-17.57
-20.1
-8.1
-21.05
-15.6
-24.17
-19.14
-13.91
-22.25
-17.99
-15.31
-27.51
-20.53
-19.37
-16.84
-20.67
-19.9
-19.14
-10.09
-13.82
-12.66
-20.47
-9.57
-22.33
-7.56
-20.31
-15.97
-17.08
-9.81
-29.3
-22.63
-14.01
-6.5
-17.16
-14.54
-16.14
-19.39
-16.84
-19.5
-16.74
-0.41
-16.49
-14.11
-9.73
-8.8
-13.45
-23.36
-21.38
-30.16
-9.05
-19.4
-22.15
-20.92
-29.43
-13.94
-18.3
-17.07
-22.4
-12.08
-16.81
-9.69
-8.79
-15.18
-17.34
-16.36
-14.49
-8.16
-16.19
-21.4
-17.3
-6.55
-14.55
-7.86
-15.41
-19.84
-25.03
-4.07
-14.76
-18.28
-20.23
-22.93
-17.82
-7.06
-5.96
-9.37
-20.65
-23.79
-25.08
-19.51
-8.99
-19.45
-14.41
-17.41
-28.59
-15.14
-9.09
-23.61
-15.26
-17.28
-10.05
-4.59
-15.3
-19.19
-22.53
-24.08
-17.53
-31.75
-16.19
-20.29
-15.13
-20.13
-11.96
-12.38
-24.9
-18.05
-20.38
-21.87
-11.42
-24.98
-15.59
-16.67
-19.18
-24.31
-20.76
-20.57
-9.92
-20.4
-9.79
-7.95
-15.55
-17.26
-20.22
-28.86
-19.75
-21.85
-19.24
-22.73
-17.68
-17.76
-18.46
-25.45
-16.18
-17.96
-9.36
-15.74
-12.51
-16.61
-30.96
-19.35
-14.51
-12.15
-18.19
-7.67
-17.55
-8.94
-15.77
-23.7
-17.81
-1.36
-19.68
-6.95
-6.85
-7.39
-13.69
-11.99
-36.49
-23.39
-17.86
-15.27
-36.93
-17.76
-13.61
-13.59
-11.33
-13.23
-18.9
-18.92
-16.84
-14.12
-13.02
-12.62
-6.9
-17.0
-24.12
-14.94
-13.54
-20.67
-7.28
-13.74
-28.09
-8.22
-24.58
-12.31
-3.08
-29.82
-24.53
-24.73
-12.21
-22.82
-18.27
-19.87
-22.72
-17.23
-8.2
-17.63
-18.79
-14.54
-13.0
-17.57
-27.36
-21.62
-17.08
-16.98
-35.0
-7.14
-22.92
-19.52
-19.5
-17.9
-17.98
-19.98
-22.33
-18.65
-27.8
-27.03
-23.55
-21.82
-8.87
-19.07
-18.52
-22.79
-13.13
-20.55
-31.84
-19.5
-16.96
-7.38
-15.64
-13.24
-18.14
-7.54
-8.65
-15.21
-17.4
-21.23
-11.78
-15.96
-15.49
-15.08
-16.91
-13.71
-19.25
-11.35
-17.26
-22.59
-10.54
-19.87
-29.88
-24.75
-16.27
-28.16
-14.79
-13.14
-24.17
-25.07
-19.9
-14.37
-27.93
-20.1
-19.01
-9.27
-7.39
-19.65
-15.43
-20.51
-6.83
-20.88
-19.7
-21.5
-22.99
-11.11
-22.05
-29.31
-21.67
-13.04
-18.94
-22.72
-17.12
1.09
-9.03
-17.91
-17.63
-27.15
-7.8
-19.67
-18.77
-15.32
-6.97
-10.94
-26.35
-15.14
-15.11
-15.51
-22.11
-24.92
-24.15
-16.66
-10.55
-10.52
-11.97
-13.13
-14.15
-19.34
-22.26
-13.68
-25.06
-19.51
-19.42
-19.46
-16.28
-25.57
-20.18
-9.73
-29.39
-25.3
-25.28
-14.1
-19.39
-17.06
-24.66
-26.51
-12.3
-28.99
-27.32
-22.68
-21.99
-26.88
-29.21
-20.15
-10.1
-8.1
-26.99
-7.35
-17.59
-16.26
-34.02
-16.08
-15.67
-14.49
-23.33
-14.59
-21.43
-6.53
-20.47
-12.59
-29.57
-17.07
-23.1
-17.91
-29.19
-32.29
-26.07
-8.75
-16.94
-14.32
-24.31
-11.86
-13.77
-31.96
-17.64
-18.17
-24.85
-25.09
-21.29
-11.82
-16.48
-23.4
-12.9
-14.75
-10.99
-25.96
-20.5
-2.29
-20.8
-22.47
-14.66
-10.83
-33.69
-16.36
-15.97
-12.61
-9.68
-21.13
-18.7
-5.87
-15.62
-11.83
-17.48
-22.6
-9.19
-18.38
-24.34
-21.96
-24.53
-21.24
-17.92
-13.99
-21.73
-16.9
-22.46
-25.54
-12.5
-24.45
-12.97
-18.14
-5.73
-18.19
-10.92
-18.65
-20.78
-18.94
-21.95
-4.47
-29.99
-17.12
-15.67
-25.11
-20.14
-17.34
-5.88
-21.65
-16.88
-21.94
-9.53
-17.51
-23.81
-22.66
-21.25
-9.68
-15.47
-12.06
-14.55
-17.41
-18.75
-31.1
-18.31
-24.02
-6.94
-25.1
-10.73
-23.78
-5.88
-14.8
-8.06
-16.06
0.98
-19.67
-20.05
-15.49
-21.4
-16.64
-10.99
-24.71
-12.52
-14.5
-22.43
-21.38
-18.15
-19.54
-18.72
-5.04
-19.92
-13.67
-12.0
-23.04
-15.62
-18.09
-16.96
-9.42
-13.47
-19.58
-22.64
-15.3
-26.8
-27.46
-17.59
-13.03
-12.79
-13.0
-13.73
-23.32
-24.21
-17.37
-15.6
-9.52
-28.05
-2.2
-8.98
-12.4
-18.42
-8.2
-18.34
-21.69
-17.71
-21.09
-23.83
-23.61
-15.33
-12.28
-24.31
-5.83
-22.6
-10.39
-24.39
-10.13
-21.82
-13.44
-19.81
-14.95
-6.09
-28.74
-21.22
-13.31
-4.27
-15.33
-8.65
-17.76
-26.34
-29.78
-7.37
-17.69
-22.21
-2.57
-2.18
-31.6
-13.98
-6.43
-14.66
-25.99
-1.93
-22.3
-22.34
-17.03
-14.22
-12.28
-11.92
-22.24
-14.72
-8.46
-18.77
-22.52
-22.71
-15.9
-26.11
-17.52
-16.95
-22.68
-21.73
-28.12
-11.67
-23.89
-28.55
-17.49
-8.95
-10.94
-12.93
-33.9
-11.99
-18.67
-26.51
-10.44
-12.8
-23.73
-12.46
-30.37
-10.18
-14.18
-10.79
-19.94
-16.27
-2.14
-11.76
-16.11
-22.0
-23.11
-27.24
-0.74
-11.11
-11.9
-15.7
-11.79
-19.86
-8.83
-15.5
-18.2
-21.69
-12.03
-28.23
-13.97
-16.61
-19.24
-17.71
-22.09
-26.74
-22.18
-11.97
-21.08
-2.53
-24.2
-15.58
-23.3
-15.83
-17.98
-15.99
-20.5
-15.11
-16.4
-16.85
-18.8
-19.72
-8.51
-13.08
-27.04
-12.28
-15.18
-11.55
-22.22
-12.67
-23.82
-16.87
-26.95
-21.9
-7.94
-22.31
-1.28
-13.05
-11.91
-24.32
-10.82
-16.59
-18.55
-11.17
-15.72
-9.59
-13.28
-17.33
-17.02
-18.11
-15.76
-17.2
-10.07
-13.44
-18.84
-11.18
-1.04
-26.42
-10.89
-20.29
-12.43
-12.21
-8.93
-18.0
-13.9
-9.58
-20.61
-19.83
-8.39
-34.47
-30.84
-19.91
-3.91
-20.33
-29.13
-7.79
-18.86
-22.93
-27.17
-22.67
-11.79
-25.37
-6.87
-17.45
-16.02
-10.42
-13.95
-18.34
-13.28
-14.21
-17.93
-7.87
-27.67
-15.12
-18.55
-8.18
-6.09
-10.65
-14.84
-18.02
-17.4
-26.08
-22.2
-19.78
-15.12
-7.21
-6.8
-16.72
-18.05
-9.71
-16.75
-18.73
-14.26
-19.42
-27.94
-19.01
-27.81
-17.36
-8.79
-27.08
-13.25
-10.92
-11.61
-6.19
-30.96
-17.59
-11.96
-13.11
-20.12
-9.1
-21.28
-15.49
-27.11
-24.66
-26.62
-24.68
-8.43
-14.76
-13.77
-15.42
-23.0
-25.19
-8.95
-18.69
-10.43
-19.3
-23.32
-20.87
-19.38
-13.9
-21.41
-14.74
-13.58
-21.41
-27.19
-0.56
-17.02
-13.84
-21.21
-13.37
-9.69
-2.72
-14.03
-12.88
-24.69
-13.69
-21.62
-17.4
-22.67
-18.08
-14.8
-26.46
-16.2
-30.68
-13.78
-24.51
-16.36
-6.87
-22.9
-19.09
-8.2
-20.38
-11.37
-8.64
-16.58
-17.71
-21.77
-9.13
-19.09
-25.79
-22.07
-22.21
-8.84
-17.22
-12.76
-15.9
-9.19
-9.11
-11.66
-13.6
-17.3
-12.81
-20.5
-27.52
-16.99
-3.55
-6.1
-15.48
-9.15
-17.55
-6.62
-14.69
-11.13
-13.39
-27.17
-19.68
-14.71
-25.78
-17.89
-12.47
-13.4
-22.22
-17.45
-11.86
-8.92
-20.83
-18.25
-15.31
-25.19
-14.02
-12.65
-17.31
0.65
-14.85
-17.19
-29.19
-22.99
-23.37
-15.8
-24.7
-22.14
-14.28
-31.05
-10.45
-25.4
-20.41
-16.32
-9.94
-15.01
-21.41
-12.39
-20.47
-11.3
-9.72
-7.14
-29.34
-17.52
-18.25
-20.51
-15.82
-16.64
-19.19
-19.34
-25.35
-24.23
-10.24
-19.87
-27.04
-13.34
-14.7
-14.16
-18.33
-19.57
-25.3
-13.45
-22.17
-22.85
-15.12
-17.31
-11.82
-22.92
-9.4
-32.09
-17.58
-17.73
-21.38
-20.87
-13.71
-24.93
-13.48
-14.82
-10.8
-25.54
-15.75
-19.17
-17.51
-24.19
-9.23
-29.21
-18.75
-19.57
-11.45
-12.86
-7.69
-22.99
-23.88
-17.59
-27.93
-21.94
-19.17
-15.29
-23.6
-24.37
-22.18
-24.54
-29.27
-25.06
-21.54
-9.05
-18.07
-26.43
-10.64
-20.23
-31.82
-21.51
-8.47
-11.88
-9.84
-20.13
-21.26
-30.27
-15.3
-17.04
-24.16
-14.41
-25.29
-27.0
-22.75
-5.95
-24.56
-12.95
-19.75
-11.26
-6.89
-15.94
-10.23
-8.15
-24.02
-18.22
-15.29
-23.52
-24.67
-22.4
-7.43
-11.12
-19.63
-20.66
-21.46
-13.05
-11.81
-15.65
-22.14
-12.54
-19.91
-10.25
-11.96
-21.48
-14.84
-14.33
-9.61
-15.83
-12.81
-7.07
-22.19
-15.52
-22.65
-21.18
-14.56
-0.38
-16.88
-14.3
-13.96
-5.56
-19.28
-16.15
-17.59
-12.72
-13.32
-12.32
-19.14
-13.89
-20.16
-11.81
-17.11
-23.42
-15.69
-5.48
-20.85
-6.58
-16.64
-19.28
-27.76
-7.64
-7.27
-18.79
-15.13
-16.22
-32.41
-18.95
-30.43
-12.84
-19.93
-13.93
-9.93
-20.8
-20.21
-15.34
-18.8
-22.44
-10.78
-26.79
-13.85
-16.8
-16.95
-21.68
-17.06
-17.47
-12.7
-25.01
-31.31
-19.81
-17.9
-19.94
-34.28
-19.56
-25.35
-10.34
-19.2
-11.21
-15.67
-14.98
-17.42
-16.05
-16.69
-28.63
-17.73
-4.15
-19.81
-20.39
-13.77
-16.9
-17.97
-20.36
-26.83
-9.02
-16.08
-30.0
-19.65
-25.3
-9.89
-19.55
-28.67
-14.07
-27.81
-11.25
-17.33
-13.3
-15.05
-24.6
-27.23
5.51
-20.88
-12.24
-18.98
-13.87
-12.38
-8.97
-26.67
-15.76
-20.07
-20.62
-26.98
-17.33
-7.56
-13.57
-14.05
-29.17
-27.43
-18.09
-16.81
-16.44
-19.85
-9.4
-19.87
-14.7
-14.62
-27.89
-10.44
-0.3
-16.32
-13.66
-17.19
-11.59
-19.5
-17.51
-27.52
-27.5
-12.82
-25.63
-12.47
-15.3
-17.51
-11.71
-16.94
-17.95
-17.33
-7.35
-12.16
-13.79
-23.98
-11.16
-14.73
-10.24
-15.14
-29.47
-25.38
-12.9
-12.45
1.61
-13.5
-21.76
-14.86
-18.73
-17.59
-15.59
-22.37
-26.24
-23.54
-13.57
-15.4
-17.56
-17.63
-19.71
-22.6
-19.66
-18.99
-29.14
-13.7
-14.55
-6.27
-7.28
-14.23
-21.22
-10.64
-25.26
-19.26
-19.99
-4.47
-23.04
-10.58
-8.23
-28.98
-20.12
-20.47
-18.41
-17.89
-25.91
-12.08
-25.17
-29.64
-23.27
-10.75
