0.903
0.091
0.455
0.468
0.172
0.804
0.0
0.373
0.337
0.252
0.204
0.376
0.401
0.19
0.126
1.701
0.83
0.373
0.0
2.562
0.112
1.273
0.694
1.261
0.259
0.287
3.27
0.299
0.119
0.181
0.322
0.155
0.138
0.084
0.266
0.233
2.31
0.153
0.394
0.124
0.08
0.209
0.086
0.411
0.391
0.355
0.548
0.303
0.103
0.159
0.196
0.062
0.188
0.264
0.21
0.414
0.169
0.347
2.282
0.207
0.192
0.164
0.341
0.229
0.259
0.172
0.806
0.426
0.217
0.158
0.143
0.141
0.232
0.245
0.33
2.064
0.357
0.098
0.167
0.444
0.274
0.313
0.353
0.087
0.118
0.154
0.868
0.208
0.291
0.13
0.125
0.172
0.095
0.171
1.872
0.424
0.266
1.748
0.15
0.54
0.324
0.562
0.065
0.295
0.319
0.35
0.202
0.944
0.332
0.363
1.085
0.351
0.121
0.218
0.6
0.368
0.46
0.721
1.183
0.092
0.201
0.089
0.517
0.208
0.517
0.048
2.008
0.255
0.146
0.279
0.468
0.365
0.374
0.397
0.33
0.362
0.253
0.362
0.466
0.726
0.292
0.156
0.254
0.17
0.305
0.698
0.213
0.182
0.66
0.804
0.142
0.378
0.381
0.622
0.499
1.916
0.496
3.613
0.164
0.22
0.45
0.284
0.339
2.039
0.265
2.09
0.306
0.169
0.181
0.295
0.402
0.63
0.623
0.148
0.133
0.175
0.845
0.42
0.407
0.16
0.322
0.321
0.28
0.695
1.292
0.365
0.259
0.418
0.888
0.242
0.715
0.461
2.153
2.211
0.34
0.475
0.463
0.701
1.518
2.571
0.733
0.263
0.647
0.146
0.597
1.991
0.608
0.222
0.082
0.375
0.5
0.436
0.232
0.18
0.326
0.776
0.186
0.323
0.742
0.479
0.975
0.32
0.37
0.322
0.434
0.257
1.858
0.989
0.128
1.325
0.335
0.366
0.512
0.359
1.759
0.228
0.218
0.373
0.597
0.484
0.321
0.105
0.819
0.213
0.269
0.398
0.547
0.326
0.902
0.101
0.489
0.412
0.3
0.534
0.196
0.467
1.229
0.369
0.227
0.181
0.537
0.792
1.119
0.37
0.347
0.369
0.323
3.036
0.313
0.402
0.37
0.179
0.621
1.115
0.404
0.708
0.153
1.104
0.279
0.604
0.579
0.438
0.702
0.716
0.169
0.378
0.493
0.309
0.252
0.334
0.285
0.788
0.604
0.352
0.548
0.742
0.378
0.344
0.32
0.24
0.316
0.135
1.314
2.337
0.602
0.323
1.686
0.86
0.747
0.94
0.298
0.32
0.446
0.102
0.576
0.436
0.301
0.533
0.575
0.289
1.599
1.368
0.724
0.135
0.302
0.508
0.685
2.533
0.746
0.487
0.391
0.276
0.228
0.232
0.289
0.933
0.651
0.565
0.948
0.398
0.383
0.186
0.507
0.437
0.566
1.235
1.061
0.636
3.184
0.141
0.108
0.194
0.106
0.349
0.383
1.41
0.446
0.621
0.225
0.775
0.417
0.943
0.157
0.298
0.0
0.269
1.155
0.401
0.676
0.408
0.487
0.677
0.0
0.0
0.251
0.4
0.138
0.439
0.651
0.233
0.819
0.623
2.749
0.297
0.63
0.636
0.444
0.402
0.632
0.94
0.166
0.563
0.541
0.289
0.184
0.121
0.351
0.807
0.258
0.502
0.294
0.374
0.509
0.387
0.264
0.289
0.191
1.023
0.746
0.0
0.365
0.412
0.521
0.495
0.452
3.535
1.452
3.858
0.337
0.551
0.0
2.047
0.444
3.247
0.151
0.328
0.334
2.677
0.344
0.69
0.274
0.496
0.453
0.498
0.945
0.196
1.192
0.452
0.464
0.436
0.239
0.44
0.517
1.373
1.016
0.245
2.978
0.265
0.651
0.806
0.856
0.467
0.423
0.159
0.296
0.0
0.273
0.422
0.347
0.144
0.435
0.22
0.406
0.803
0.577
0.463
0.621
0.224
1.274
0.564
0.463
0.0
0.257
0.702
0.305
0.682
0.0
0.412
0.678
0.637
0.359
0.239
0.232
1.531
0.58
0.445
0.216
0.233
3.098
0.197
0.941
0.885
0.456
0.985
0.32
0.723
0.343
0.0
0.458
0.374
0.463
2.521
1.984
0.246
0.434
0.327
0.568
0.0
0.0
0.273
0.756
0.422
3.607
0.3
2.578
0.266
0.403
0.0
0.746
0.73
0.634
0.428
0.237
0.21
0.584
0.44
0.327
0.647
0.628
0.442
0.56
0.808
1.271
1.934
0.476
0.367
0.211
0.0
0.305
0.765
0.329
0.237
0.609
0.747
0.295
0.256
0.615
0.854
0.418
0.192
0.158
0.248
0.303
0.328
0.427
0.53
0.539
0.258
0.272
0.237
0.865
0.447
0.598
0.0
0.326
3.592
0.547
0.365
0.328
0.189
0.447
0.249
0.251
0.349
0.16
1.84
0.303
0.413
0.295
1.174
0.304
0.577
1.352
0.0
0.783
0.703
0.516
0.46
0.931
0.365
0.279
0.188
0.791
0.558
0.122
0.687
0.912
0.447
0.252
0.182
0.379
0.314
0.402
0.402
0.451
0.144
2.849
0.2
0.48
0.388
0.192
0.0
0.0
0.238
0.427
0.514
0.633
0.598
0.398
0.44
0.332
2.398
0.14
1.107
0.496
0.475
0.26
0.7
0.344
0.731
0.285
0.849
0.412
0.309
0.28
0.55
0.224
0.571
2.095
5.112
0.723
0.174
0.722
0.148
2.219
0.583
0.244
0.209
0.763
2.514
2.47
0.26
0.402
0.363
0.0
0.196
0.395
0.221
0.487
0.712
0.493
0.886
0.142
0.805
0.564
0.631
4.754
0.198
0.384
2.151
0.276
0.541
0.453
0.229
0.279
0.399
0.17
0.341
0.35
0.512
0.253
0.309
1.187
0.341
0.412
0.83
0.486
1.821
1.939
0.781
0.277
0.0
1.239
0.291
0.254
0.679
0.313
0.401
1.299
0.0
0.0
0.471
1.088
0.477
2.603
0.733
0.214
0.189
0.216
0.378
0.681
0.0
0.568
0.338
0.354
0.528
0.0
1.03
1.113
0.0
0.35
0.323
0.496
0.679
0.413
0.212
0.276
0.911
0.179
0.239
0.689
0.362
0.292
2.696
1.674
0.647
0.238
3.623
0.369
0.36
3.528
0.472
0.0
0.162
0.269
0.81
0.393
1.183
0.189
0.466
0.452
0.433
1.342
0.522
0.313
1.2
0.559
0.37
0.474
0.284
0.503
0.291
0.234
0.328
1.434
0.234
0.0
0.347
0.308
0.519
1.311
0.925
1.37
0.717
0.871
2.375
1.039
0.337
0.606
0.696
0.0
0.739
0.437
0.473
0.592
0.275
0.448
0.55
0.348
0.139
0.544
0.0
0.265
0.849
1.641
0.437
3.879
0.265
0.564
0.32
0.772
0.337
0.232
0.33
0.906
0.328
0.383
0.443
0.223
0.381
0.213
0.574
0.438
0.884
0.183
0.315
0.461
0.798
0.801
0.518
0.363
0.446
1.037
1.201
0.312
0.609
0.873
0.453
0.322
0.731
0.733
0.293
0.228
0.379
0.372
0.28
0.44
0.0
0.0
3.437
0.509
0.745
0.158
0.41
1.264
0.777
2.988
1.577
0.0
0.381
3.127
0.314
0.201
0.248
0.916
0.428
0.579
0.776
0.467
0.772
0.84
0.225
0.464
0.526
0.283
0.931
0.741
0.158
0.0
0.61
0.158
0.763
0.542
0.999
2.231
0.332
0.831
1.789
0.96
0.177
0.0
0.826
0.278
1.32
0.451
0.526
0.33
0.251
0.387
0.471
0.416
3.748
0.298
0.243
0.0
0.27
0.238
0.462
0.694
3.551
0.393
0.595
0.571
0.312
0.0
3.079
2.094
0.525
1.247
0.739
0.0
0.203
0.8
0.434
0.416
0.301
0.44
0.534
0.454
0.778
0.433
3.409
2.262
0.331
0.47
0.198
0.412
1.258
0.34
0.201
0.639
0.653
0.472
0.592
0.0
0.478
1.639
0.472
0.673
0.353
2.749
4.569
0.226
2.581
0.609
0.273
1.582
3.766
0.259
0.786
1.68
0.557
0.365
0.327
0.512
0.525
0.409
0.876
0.19
0.726
0.669
0.358
0.434
0.438
1.403
0.469
0.669
0.636
0.35
1.166
0.168
0.379
0.0
0.187
0.135
0.848
1.005
2.511
0.452
0.31
0.634
1.116
0.0
0.337
0.317
0.431
0.671
0.285
0.469
0.414
0.507
0.242
0.637
0.602
1.463
0.303
1.141
0.625
0.495
0.747
0.176
1.105
0.284
2.209
0.622
0.366
0.301
0.353
0.38
0.443
0.39
0.485
0.81
0.488
0.924
0.379
0.635
2.368
0.39
2.108
0.564
0.901
0.633
0.368
0.91
0.327
0.48
2.701
0.0
0.748
0.319
0.975
0.481
2.572
1.711
0.742
1.712
1.408
1.037
0.154
0.46
2.059
0.338
2.477
1.099
0.145
1.887
0.0
0.891
3.142
0.35
2.381
0.165
0.375
0.138
0.28
1.102
3.85
0.493
0.497
0.811
4.042
1.849
0.744
0.391
0.913
2.501
0.125
0.371
0.923
0.483
0.357
2.691
0.379
0.167
1.625
4.43
1.948
0.258
0.836
0.346
0.0
0.316
0.898
0.097
0.0
0.359
0.783
0.475
0.379
0.347
0.0
0.393
2.014
0.294
3.066
0.342
0.412
0.481
0.211
0.196
0.328
0.388
0.0
0.353
0.122
0.479
0.0
3.544
0.581
0.415
0.196
0.268
2.637
0.608
0.234
0.169
0.586
0.423
2.939
0.499
0.0
0.525
0.353
0.576
0.429
0.843
0.355
0.519
0.0
1.618
0.887
1.735
0.755
3.573
0.639
0.745
0.898
1.192
1.605
0.384
0.668
0.675
1.578
0.231
0.385
0.574
0.0
0.222
0.0
0.343
0.665
1.847
1.127
0.497
0.664
0.671
0.865
2.1
0.0
0.913
0.411
0.392
0.702
0.259
0.0
0.0
0.177
2.457
0.55
0.591
0.634
0.714
0.508
0.091
1.097
2.091
1.74
0.184
1.012
0.735
1.853
0.504
0.53
0.324
0.646
0.195
0.857
2.717
0.733
0.641
2.035
0.417
0.286
2.589
0.444
0.481
0.823
2.792
0.431
0.65
1.402
0.334
0.111
0.693
0.0
1.281
1.088
0.274
1.044
0.61
0.199
0.437
0.337
1.888
2.65
1.007
0.947
0.523
2.552
0.301
0.154
1.204
0.923
0.271
0.369
5.471
0.274
1.239
0.72
0.444
0.508
0.289
0.299
1.727
1.104
0.312
0.381
0.519
0.57
0.484
3.974
0.63
0.251
2.991
1.303
0.355
0.295
0.398
0.0
0.218
0.49
0.549
0.753
0.349
0.434
0.411
0.0
0.647
0.748
0.17
0.41
0.69
0.196
0.506
1.26
0.232
0.275
1.728
0.199
0.206
2.118
0.204
0.185
1.426
0.602
1.19
0.568
0.554
0.655
0.38
0.484
0.701
0.773
2.928
0.393
0.496
2.355
0.72
1.407
1.453
0.813
0.397
0.349
0.433
0.472
0.394
0.277
0.622
0.945
0.791
0.451
2.69
1.047
0.294
0.839
1.548
0.731
0.592
0.409
0.545
1.789
0.56
1.569
0.659
0.297
0.52
0.251
0.567
0.572
0.195
0.65
3.205
1.076
0.521
0.337
0.711
2.883
0.472
1.511
0.394
0.579
0.367
0.314
0.419
1.086
0.261
0.333
0.769
0.748
0.265
1.021
0.614
0.414
2.148
0.298
0.746
0.25
0.187
0.343
0.513
0.966
1.418
0.788
1.049
2.735
0.976
0.386
0.361
1.048
0.698
0.469
0.188
0.429
0.327
0.239
0.481
0.0
0.201
0.524
0.321
0.231
0.825
0.592
0.397
0.459
1.027
0.449
0.0
0.381
0.741
0.391
0.558
0.589
0.327
0.283
0.247
0.333
1.148
1.377
0.607
0.446
0.487
0.495
0.396
0.341
0.37
1.816
0.479
0.422
0.403
5.236
0.527
0.212
1.747
1.036
0.451
0.206
0.647
1.677
0.402
0.545
0.507
0.348
0.0
0.271
1.46
0.227
1.412
0.093
4.434
0.214
0.406
6.532
0.0
0.604
0.362
0.499
0.321
0.539
0.514
0.814
0.185
0.4
0.88
0.316
0.695
0.625
0.332
0.262
0.644
1.393
1.652
0.883
0.309
2.711
0.441
0.551
0.461
0.0
0.0
0.808
0.643
0.402
0.59
0.18
0.0
1.218
0.406
0.242
0.448
0.277
0.705
0.316
0.965
1.051
0.441
0.351
0.607
1.087
1.228
1.028
0.451
0.171
0.476
0.301
1.305
0.592
0.965
0.82
0.593
0.0
0.574
0.352
0.466
0.39
0.143
2.734
0.0
1.859
0.338
0.329
0.291
0.355
0.339
0.292
0.743
0.469
0.456
0.372
0.341
0.582
0.244
0.484
0.47
0.525
2.053
0.631
1.086
0.362
1.107
0.932
0.481
0.169
0.676
0.268
0.419
2.373
0.162
0.0
0.713
0.242
0.471
0.353
0.488
0.635
0.844
0.401
0.525
0.31
0.288
0.509
1.158
0.212
0.425
0.286
0.345
0.375
3.251
0.0
0.508
0.432
0.087
0.597
0.482
0.426
0.358
0.439
0.601
0.884
0.0
3.323
0.328
0.593
0.263
0.956
1.429
0.553
0.466
1.895
0.338
0.413
0.467
2.135
0.303
0.573
0.0
0.0
0.285
0.674
1.048
0.75
0.262
0.512
0.555
1.501
0.384
1.529
0.539
0.862
1.197
0.134
0.306
0.729
1.287
0.297
0.243
0.27
1.807
0.633
0.885
1.016
0.878
0.857
0.424
1.613
0.448
0.278
0.612
0.251
0.67
0.777
0.354
0.0
0.576
0.822
0.808
0.678
0.304
0.0
0.0
0.36
0.559
0.429
0.184
0.651
0.417
0.0
0.0
0.393
0.329
0.67
1.116
0.0
0.26
0.39
1.485
0.649
0.546
0.563
0.388
1.68
0.535
0.855
0.423
0.482
0.0
0.484
0.932
0.31
0.421
0.852
0.582
0.984
4.437
0.487
0.324
0.827
0.702
0.571
1.14
0.466
0.542
0.397
0.361
2.384
0.14
0.504
0.273
0.374
0.536
0.481
0.551
0.423
0.517
0.467
0.395
0.458
0.59
0.756
0.416
0.788
1.73
1.402
0.343
0.0
0.448
0.0
0.366
0.689
2.008
0.59
0.438
0.55
0.418
2.276
0.379
4.529
1.162
0.621
0.0
0.0
0.904
0.0
0.317
0.576
0.545
1.386
0.236
1.418
0.24
0.384
1.909
0.0
0.998
1.216
1.139
0.701
0.565
0.317
0.556
1.171
0.208
0.602
0.988
3.461
0.269
0.854
0.668
0.43
0.227
0.0
0.696
0.386
0.614
0.397
2.34
0.659
0.418
2.867
0.617
0.37
1.621
0.801
1.985
0.657
0.133
2.019
0.665
0.428
0.409
2.901
0.488
0.236
0.372
0.188
1.515
0.319
0.793
0.448
0.701
0.475
1.309
0.289
0.354
1.575
2.885
0.0
2.15
0.519
0.873
0.559
0.594
0.655
1.221
1.529
0.337
0.303
0.83
0.404
0.624
0.529
0.199
1.654
0.0
0.487
0.304
0.0
0.0
0.674
0.427
2.552
0.423
0.0
0.0
3.5
0.657
1.104
0.405
0.504
0.334
0.435
0.0
0.0
0.817
0.823
0.71
0.532
0.358
1.177
0.447
0.444
0.595
0.2
0.192
0.695
0.183
0.537
0.523
0.406
0.851
0.201
2.125
0.196
0.445
0.343
0.672
0.0
0.199
0.505
0.316
0.256
0.618
1.264
0.461
0.4
0.191
0.555
1.026
2.148
0.45
0.235
0.175
0.229
0.471
0.0
0.217
0.523
0.463
0.761
0.802
0.407
0.135
0.317
0.359
0.409
0.493
0.65
0.747
1.016
0.597
1.703
1.834
0.299
0.636
0.754
0.908
0.313
0.569
0.334
1.04
0.37
0.927
0.956
0.366
0.382
0.489
0.192
0.434
0.582
0.839
0.489
1.204
0.598
0.37
0.461
2.916
0.562
0.244
0.446
1.372
1.724
0.268
0.855
0.747
0.5
1.035
0.931
0.616
2.693
0.467
0.836
0.218
0.745
0.791
0.275
3.608
0.281
0.51
3.192
0.168
2.676
0.201
0.459
0.669
0.402
0.0
1.509
0.935
0.65
0.451
0.0
0.469
0.375
0.349
0.491
0.356
0.574
1.106
0.569
1.951
0.568
0.51
0.507
0.68
0.476
0.348
0.296
0.496
1.182
1.369
0.512
0.521
0.389
4.036
1.183
0.447
2.805
0.595
0.287
0.396
0.41
0.356
4.771
0.635
0.879
0.28
0.711
1.419
0.842
0.235
0.377
0.497
0.369
0.432
0.427
0.0
0.253
0.315
0.427
0.821
1.851
0.851
0.826
0.743
0.603
0.795
0.647
0.602
0.489
0.79
0.872
0.439
0.731
0.663
0.741
0.984
0.265
0.653
2.764
0.432
0.527
1.041
0.685
0.669
0.484
0.235
0.58
0.756
0.629
0.298
0.416
0.537
0.341
0.7
0.297
0.323
2.561
0.401
0.456
