-27.23
-7.67
-18.74
-17.31
-19.79
-16.6
0.0
-19.41
-19.15
-18.53
-12.07
-6.87
-25.27
-11.66
-4.78
-13.92
-0.84
-7.18
0.0
-35.05
-16.38
-15.42
-24.0
-14.12
-19.35
-1.84
-0.32
-15.19
1.05
-0.29
-0.27
-15.4
-11.52
-16.72
-3.35
0.04
-11.68
-17.87
-21.51
-22.03
-10.22
-13.7
-21.31
-23.81
-14.69
-14.11
-16.69
-10.12
-2.76
-2.15
4.47
-3.14
-15.47
-9.6
-16.64
-0.45
-19.13
-16.19
1.03
-10.81
-4.47
-7.71
2.67
12.68
-14.23
0.07
-3.28
0.04
-5.67
-3.04
-0.98
0.3
-10.87
3.91
-2.99
-8.57
-22.99
3.07
-8.72
-6.46
-17.74
0.59
-3.69
-5.58
-8.22
-5.39
-9.39
-1.18
2.49
-8.04
-11.27
-2.42
0.01
-0.47
1.03
-15.1
-8.88
-0.05
1.97
-9.62
-18.36
-2.52
15.02
-0.44
-9.33
-8.12
-1.25
-1.47
8.37
-16.19
-16.86
-6.21
3.4
13.91
-0.05
6.49
10.67
-12.52
-2.35
-8.3
-2.12
2.12
0.6
0.07
6.05
21.06
14.0
-6.7
-9.44
-6.46
0.03
0.48
0.01
-8.91
4.77
-0.69
4.82
-15.11
-11.31
0.02
0.0
0.89
-2.15
-6.66
3.25
1.47
-0.21
-9.61
0.25
0.92
-2.27
-0.09
6.78
16.59
-7.0
-3.01
-12.81
-4.95
-18.08
2.01
0.99
-3.66
-19.1
-17.46
0.04
-19.46
0.01
-9.89
-9.68
2.04
-9.46
-13.67
15.39
3.4
-6.47
1.67
-2.76
2.65
0.0
-1.09
-9.51
9.44
1.67
0.3
-7.11
-3.65
3.5
5.2
-13.18
-8.13
13.64
-11.49
-0.25
5.03
0.71
1.52
-2.4
1.84
2.13
-0.29
-12.4
0.41
3.13
-3.79
3.32
-3.99
1.1
2.04
4.16
8.87
-12.23
-6.73
0.49
-8.16
-7.44
0.18
-12.11
-3.8
-6.23
-5.16
-2.62
-7.44
5.05
-3.84
-1.95
3.14
6.38
-5.34
6.13
-14.2
8.21
-4.76
-1.72
10.91
-21.47
8.11
-5.61
3.54
10.36
-13.43
0.72
0.17
-8.56
1.98
4.3
-3.04
-3.97
5.04
1.25
-20.18
-18.92
-7.98
-1.52
2.79
0.08
18.3
-19.91
0.9
-0.59
5.73
5.88
-15.24
-4.76
-7.94
7.4
5.06
-3.69
14.84
8.02
11.1
2.67
-8.08
-0.71
-5.82
16.52
-5.46
7.79
-4.87
-9.33
15.28
17.74
-2.62
8.78
-3.09
7.07
11.73
13.02
-1.01
0.94
-14.79
2.9
0.03
7.26
-7.89
12.32
-10.32
0.03
-2.42
1.7
-15.03
-0.09
11.71
-3.49
13.3
15.55
14.18
-3.59
0.99
5.83
0.51
12.86
-4.69
7.75
6.7
9.57
0.53
11.08
-1.57
5.86
-11.33
-11.37
-8.5
1.4
-6.38
-2.74
11.28
0.76
11.4
16.61
1.5
9.11
-2.88
0.33
-2.02
1.72
0.01
0.05
6.91
15.03
17.78
12.79
-2.25
4.39
-2.7
0.02
0.7
1.12
0.01
0.01
-0.83
3.81
-2.82
23.96
-7.84
9.44
2.65
3.01
7.38
2.24
8.69
17.12
4.0
9.46
13.66
0.0
0.0
0.01
-3.67
13.93
2.02
8.1
1.25
0.0
0.0
-14.98
0.01
2.82
0.73
15.38
3.11
4.39
5.51
19.88
2.8
-2.36
1.99
1.41
-2.26
14.2
-1.16
-1.44
-0.97
6.5
-0.04
2.76
7.2
10.04
8.14
0.01
21.7
4.94
-1.58
10.61
3.33
13.0
6.96
6.03
5.94
1.0
0.0
4.08
-7.56
8.33
-3.47
15.26
2.44
18.16
1.72
7.55
10.79
0.0
3.12
0.32
-7.65
22.58
12.25
-0.86
7.63
0.02
3.61
4.92
12.06
-15.1
-7.78
4.78
2.59
2.97
8.45
1.26
10.5
18.17
0.01
0.02
3.48
1.02
-3.02
0.02
-0.15
11.62
18.38
18.48
0.0
2.73
10.06
0.0
0.0
0.01
15.23
21.9
0.02
-11.9
-1.93
13.13
20.3
-1.44
17.27
4.76
0.0
1.03
0.02
20.87
0.0
2.18
-0.01
1.95
-1.0
0.0
1.65
15.67
0.96
0.0
6.61
7.53
0.01
-5.92
13.49
-5.33
15.4
6.27
0.55
16.54
2.5
-10.17
9.16
18.57
-3.61
12.48
0.0
0.0
8.3
6.63
2.66
-3.66
-1.6
14.41
1.92
-10.93
0.0
0.0
0.02
-0.01
-2.69
-0.47
0.01
0.0
0.56
-7.65
0.0
4.74
1.27
-2.17
18.68
-2.89
17.53
0.01
0.0
1.02
9.36
3.83
5.85
-4.44
-0.04
1.69
1.81
-2.45
1.87
-0.38
0.0
6.85
-1.63
-0.44
-8.42
5.51
15.44
-9.87
1.59
2.25
-1.23
3.17
0.5
1.99
6.91
11.83
-2.48
2.57
-13.22
7.15
16.91
-1.66
0.01
19.79
1.26
9.04
0.0
17.6
19.77
14.28
19.61
3.6
2.99
-5.73
7.55
-0.69
5.41
0.96
2.71
0.0
-0.03
17.14
-12.23
13.83
0.01
-0.97
0.0
0.03
23.06
-1.38
2.24
0.02
-0.63
-2.29
-0.93
-9.35
0.0
1.49
0.01
-7.96
9.6
2.42
20.54
1.81
-2.73
0.0
-0.03
3.05
-5.68
-3.77
4.41
13.94
8.85
2.14
0.0
0.0
3.59
-0.0
8.41
3.56
4.9
0.17
1.48
-7.14
12.06
0.0
1.02
-1.11
20.62
7.1
-8.59
-9.75
5.11
19.41
-1.13
0.01
-5.56
-3.65
8.7
14.35
8.41
-1.15
-12.24
3.38
0.01
0.01
0.78
-3.57
3.42
1.07
8.62
6.9
-4.5
18.42
-0.01
0.0
0.01
0.0
2.21
11.44
-0.78
-0.18
-7.27
10.51
-0.52
1.23
3.95
0.01
3.67
2.27
4.61
-1.47
18.47
19.21
0.09
0.25
0.06
0.83
0.14
0.0
8.81
12.45
-1.96
-1.23
-4.58
1.81
-1.86
-0.01
7.54
3.12
1.63
-0.38
0.01
5.14
0.0
17.2
-11.14
-0.05
11.95
17.25
1.05
0.08
0.0
0.0
0.01
9.8
3.87
-7.13
25.71
5.44
18.46
5.31
0.04
20.17
0.0
-3.11
14.15
0.01
18.72
0.0
8.57
12.47
0.0
0.03
12.67
-7.62
0.3
-4.93
10.71
27.85
-3.79
-0.99
0.01
14.62
4.82
-0.01
-5.55
4.32
9.09
16.62
8.14
-0.28
0.0
6.85
-0.01
0.0
-11.27
21.07
7.11
3.03
-9.59
18.75
9.09
-4.43
17.5
10.94
-0.01
-1.69
2.86
15.05
5.27
8.1
-0.52
-0.99
-4.3
15.01
1.22
-8.29
16.16
0.0
-6.68
21.66
0.0
0.01
-14.2
-1.09
-9.2
1.03
-7.56
5.68
-1.7
-5.58
8.67
0.0
16.13
2.34
-4.36
2.8
18.3
-2.78
0.01
-3.29
7.15
-1.24
0.0
-4.5
5.14
-1.29
-0.13
2.5
-4.98
-4.42
5.28
10.8
6.62
-1.01
3.57
13.32
-12.35
0.01
-0.57
8.74
10.36
11.7
-10.55
0.01
3.62
6.25
3.09
1.28
2.75
-0.36
4.56
0.2
0.01
0.0
4.25
5.27
7.87
12.62
0.01
0.01
0.83
-0.01
23.55
0.96
12.84
-0.55
2.96
1.01
0.0
0.0
0.2
0.04
-3.16
9.16
0.03
21.96
11.33
-0.03
-9.44
0.0
-2.0
-0.01
-3.17
0.05
11.41
13.36
-2.0
2.79
-0.15
-3.09
4.53
14.67
-2.88
-5.7
2.81
11.19
12.29
-0.01
-13.23
0.0
11.34
-1.13
-5.1
-8.35
0.01
0.0
3.93
6.26
-1.1
-3.41
23.07
0.0
13.42
0.05
1.52
8.83
17.72
7.3
0.01
19.9
11.25
1.03
3.8
14.73
0.01
0.0
6.72
1.11
2.72
16.45
0.28
1.95
4.73
0.01
0.1
0.0
1.02
-0.01
8.95
5.5
-2.29
0.0
1.77
-1.68
0.86
14.26
-13.95
15.22
0.2
0.01
8.44
13.28
8.92
9.16
8.18
3.47
-5.78
0.02
17.38
-2.75
11.39
1.84
14.58
6.74
20.48
0.0
-0.01
8.12
-13.06
12.35
4.89
0.01
17.65
4.72
11.4
11.49
18.57
10.87
21.6
0.67
1.22
-6.68
0.01
-0.8
0.03
7.21
11.5
4.7
-0.01
26.04
13.93
-0.48
2.65
-11.31
0.02
-2.54
0.03
0.17
0.02
-1.49
3.66
0.01
0.01
0.0
11.51
6.16
0.0
0.0
0.0
2.11
-14.06
-0.05
0.26
0.0
23.76
1.27
6.81
5.89
13.87
-2.94
8.69
-0.01
3.24
9.01
0.0
-0.97
0.75
13.98
-1.11
-3.3
11.72
1.37
8.66
6.64
11.3
0.25
5.92
9.52
-2.34
9.22
5.02
-3.17
16.36
0.38
7.42
11.1
0.4
-3.11
7.16
0.58
-1.26
0.97
4.68
-10.14
2.7
0.1
0.02
22.16
15.2
0.0
-0.51
-14.66
-1.43
27.28
0.96
0.01
-0.29
-3.88
-0.97
9.97
-0.69
-1.52
-14.35
0.95
0.94
-0.97
5.91
-3.13
0.0
0.22
-0.06
4.74
10.07
1.31
0.01
3.29
-1.17
14.22
0.06
8.79
4.64
-3.24
-10.64
3.3
21.36
4.34
-0.05
-4.27
4.16
0.01
-0.58
22.33
3.84
10.54
3.99
-2.64
0.0
10.65
0.92
0.01
-0.06
0.78
0.0
0.03
-0.01
7.78
0.0
0.01
13.39
14.42
0.07
0.01
0.0
0.01
-0.01
-0.01
0.12
-2.14
-1.19
5.64
-1.47
21.15
0.97
13.09
0.0
-0.98
9.45
12.88
0.0
-11.87
14.09
-3.85
10.44
-0.55
0.01
0.0
-12.67
2.11
-0.01
-10.73
-17.7
0.65
0.0
-2.45
0.62
9.85
-11.64
5.0
23.11
-0.98
0.0
-6.06
0.03
0.03
0.01
0.01
26.98
11.1
0.01
6.76
0.01
0.01
0.83
9.47
-6.65
0.02
21.94
7.7
0.0
-0.36
0.0
0.22
18.28
9.82
0.0
0.01
25.32
-11.31
16.81
-8.91
0.0
-0.83
1.43
0.01
3.82
12.92
0.0
0.0
3.71
11.5
5.37
0.01
11.56
17.88
0.81
4.42
-4.37
11.09
11.91
1.68
7.44
-0.01
2.69
13.67
15.47
0.02
-0.01
0.0
0.74
-1.3
14.18
1.81
12.12
-6.86
3.06
15.9
0.01
15.34
-1.36
-0.02
2.43
13.86
11.15
4.45
2.0
4.27
0.0
0.01
-0.01
28.71
2.08
0.03
19.82
11.63
0.01
-0.1
-8.54
15.41
6.85
15.23
-3.46
-0.01
0.46
0.01
-8.5
20.14
0.01
-0.04
0.96
7.73
0.02
11.42
21.68
12.11
0.01
8.39
0.01
6.19
7.61
8.12
4.66
5.55
-0.02
12.9
-6.2
13.1
8.58
0.01
-1.39
4.85
0.0
12.47
17.29
5.03
-0.02
12.02
0.67
-15.8
0.0
-2.71
0.01
1.52
-3.07
0.87
15.39
2.93
2.79
9.16
14.67
-6.57
5.86
13.8
-1.94
7.53
0.01
-10.03
-0.36
-1.5
8.84
-4.83
10.72
0.03
20.73
-4.24
0.07
-0.01
-1.26
-0.06
12.02
26.18
-0.01
0.0
6.67
5.0
0.07
10.46
1.29
0.05
2.5
18.47
3.42
-0.01
10.17
3.73
-0.03
-0.01
2.02
18.14
0.01
0.01
17.23
0.69
20.96
-8.26
14.41
7.65
1.03
13.67
17.29
0.01
3.49
13.59
23.55
-3.79
11.66
11.07
0.01
1.74
-6.44
0.27
5.48
5.8
9.11
7.57
-3.54
11.36
0.01
18.11
4.02
10.21
13.24
0.68
1.02
16.85
8.93
-0.01
8.04
12.72
6.89
-0.59
12.02
-0.87
0.01
2.58
2.83
-4.39
10.09
17.8
6.31
3.54
5.93
-2.89
0.02
-0.02
21.78
-0.03
4.03
5.86
0.0
1.72
13.66
9.32
17.8
-1.31
7.66
3.55
14.53
1.84
-3.99
0.0
7.64
-5.49
18.91
3.7
0.01
-0.02
0.05
19.05
15.82
-2.81
0.09
17.28
4.5
-0.02
-0.09
-0.01
-12.12
8.73
0.01
3.91
-2.18
9.54
5.16
21.46
-4.28
16.12
-0.44
0.14
9.67
11.09
1.24
16.46
-0.13
21.34
4.46
0.0
0.03
5.48
21.47
12.97
0.02
-2.86
0.1
-1.85
0.21
0.0
-11.29
0.01
12.92
-3.66
0.15
0.0
9.3
-9.69
-8.59
5.73
3.46
-5.11
11.73
12.06
15.64
12.5
17.03
-6.61
8.17
-0.79
0.03
0.01
10.87
0.04
0.0
0.0
0.53
12.64
14.74
-0.91
10.85
0.0
18.1
0.06
13.9
0.02
0.01
1.03
-0.16
1.02
12.18
6.77
0.01
-0.02
-1.07
-6.94
13.68
26.68
0.0
0.01
1.83
10.43
-3.16
0.01
11.19
15.1
0.0
-0.04
15.51
13.88
-0.96
11.33
16.71
0.0
0.04
0.0
17.91
4.35
10.55
-0.01
-0.01
0.0
0.0
-1.22
0.02
18.98
10.26
3.54
0.52
0.01
2.17
1.03
0.01
13.34
-8.44
1.02
0.0
11.95
5.53
0.0
7.64
0.01
0.02
1.49
0.0
5.5
3.2
6.87
0.02
13.98
-0.01
0.12
0.01
6.22
17.46
-0.06
0.0
2.68
-0.96
7.82
2.22
0.0
0.01
0.01
0.0
0.01
0.01
20.74
3.99
13.65
14.96
9.78
-0.01
0.01
1.18
0.0
-0.03
21.89
-0.46
-1.11
-1.16
16.07
0.08
0.0
18.9
-1.11
0.72
0.11
1.28
-0.01
0.0
0.0
0.0
-6.77
16.01
12.19
0.0
16.94
0.02
2.17
8.5
-1.46
2.71
0.02
-0.21
5.13
-2.61
-3.39
0.11
0.0
-2.03
8.55
9.02
0.02
0.01
5.9
0.01
18.28
-1.08
3.47
0.01
2.86
-2.19
1.06
0.26
26.47
0.01
-0.01
0.0
3.02
7.22
0.61
14.99
8.51
0.0
0.0
0.02
11.73
11.54
6.54
-3.28
13.21
0.0
0.0
12.26
0.0
18.87
0.0
0.0
0.01
-0.99
0.69
4.56
0.0
0.92
-1.23
6.04
15.19
1.21
28.5
0.03
0.0
2.52
-6.34
20.99
14.49
0.01
10.78
9.03
-4.66
-19.31
0.01
1.01
-6.63
22.11
12.01
0.04
0.0
12.93
-8.9
15.06
15.94
5.01
19.41
10.2
-1.13
8.49
12.0
11.63
-6.57
11.22
5.25
15.77
12.86
15.09
2.49
-4.64
0.78
20.12
15.05
0.0
0.6
0.0
2.35
0.02
-8.96
10.13
23.31
6.28
-2.06
0.18
-1.33
4.05
2.17
0.04
0.0
0.0
5.95
0.0
2.24
3.53
1.38
17.2
-0.06
19.41
18.32
5.42
0.0
0.0
-9.36
1.92
-0.82
6.07
13.65
3.65
14.22
0.96
-1.13
0.62
0.01
12.62
2.6
0.01
5.1
6.17
0.01
0.0
-0.01
17.02
-0.74
8.54
0.02
0.01
4.3
0.0
19.69
10.64
2.2
4.25
0.0
-0.36
0.01
-0.02
-1.05
8.33
1.65
14.49
-5.55
11.71
7.48
-0.01
14.54
5.41
-0.01
17.74
12.06
3.1
9.87
-8.17
0.01
22.17
9.01
0.0
0.08
0.01
16.21
1.02
16.72
18.41
3.94
-2.04
15.73
10.01
7.23
2.01
7.42
-6.63
27.92
-11.47
0.0
-0.01
0.0
0.0
0.0
24.22
24.74
8.21
16.23
0.0
0.0
-2.05
0.01
13.73
2.14
0.97
5.3
-0.04
0.0
0.0
0.04
0.01
-7.5
0.01
23.76
10.77
-4.09
-11.76
0.05
-3.51
-0.82
-0.97
8.18
14.55
18.13
0.01
-2.55
3.65
1.81
6.61
25.29
15.93
8.18
0.0
0.22
0.01
16.77
0.74
0.02
0.02
-0.01
11.5
12.97
0.01
-0.03
-0.04
24.89
7.73
1.83
-1.57
0.01
0.0
-1.66
7.74
12.71
0.01
0.01
0.01
16.71
7.12
0.06
-6.66
2.7
1.77
3.52
2.57
2.89
11.37
10.35
1.3
0.01
0.02
9.56
-9.37
-7.26
-0.04
-0.47
14.31
0.71
0.83
0.0
-0.05
6.75
3.67
-0.03
0.01
6.86
14.28
2.94
6.56
-3.76
0.07
0.01
26.09
2.98
10.61
5.13
5.88
11.97
23.13
11.22
0.01
1.02
19.18
-9.91
4.08
28.46
20.44
-0.02
-7.78
0.01
20.49
-10.42
18.45
18.13
-0.91
-2.49
25.5
5.54
5.31
-6.17
-10.5
0.0
-0.04
22.38
10.61
10.55
0.0
5.93
4.0
-8.13
19.5
14.35
0.08
9.9
12.38
24.89
1.94
-0.02
0.01
0.05
28.27
-0.31
2.89
0.32
-4.24
2.23
-5.4
0.06
0.01
0.0
-1.67
6.08
0.07
2.69
0.66
5.62
3.04
19.82
0.75
11.97
1.74
0.01
0.01
0.01
6.27
8.15
0.17
-0.27
10.7
3.48
0.02
0.0
3.27
6.17
0.0
6.95
11.5
-0.66
-0.01
-5.75
2.77
-0.17
-0.1
0.01
0.08
-3.91
0.26
0.01
11.23
0.12
-0.15
-3.53
27.3
3.52
6.07
3.18
-8.66
0.01
11.62
2.82
18.78
10.58
12.0
2.13
-4.89
0.57
19.51
0.01
19.0
-0.42
0.01
-0.03
6.22
-0.84
0.01
