0.898
0.371
0.173
0.306
0.899
0.088
0.285
0.243
0.141
0.15
0.365
0.316
0.16
0.212
0.392
0.266
2.692
0.357
0.109
0.59
1.337
0.212
0.09
0.365
0.303
0.412
0.168
0.234
0.176
0.321
0.181
0.96
0.379
0.349
0.219
0.312
0.314
0.291
0.572
0.747
0.669
1.678
0.147
0.164
0.3
0.47
0.87
0.506
0.325
0.171
0.298
0.178
0.487
0.0
1.131
0.707
0.441
0.442
0.673
0.376
0.995
0.431
0.157
0.417
0.318
0.259
0.29
0.514
2.174
0.576
0.813
0.263
0.529
0.763
0.407
0.414
0.726
0.703
0.325
0.229
0.282
0.674
0.299
0.505
0.216
0.24
0.303
0.296
0.477
0.399
0.982
0.206
0.141
0.386
0.273
0.624
1.026
0.217
0.84
0.298
0.52
0.289
0.365
0.33
0.376
0.657
0.495
0.934
0.364
0.309
0.372
0.117
1.014
0.25
2.064
0.272
0.854
0.236
0.356
2.118
0.273
1.731
2.128
0.368
0.263
0.477
0.584
0.33
0.379
0.648
0.097
0.403
0.27
0.578
2.269
0.406
0.298
0.568
0.385
0.405
0.63
1.299
0.872
0.407
0.429
0.306
0.236
1.113
1.507
0.838
0.228
1.002
1.196
0.593
0.318
0.42
3.026
0.359
1.884
0.276
0.372
0.089
0.401
0.678
0.228
0.896
0.248
0.267
0.632
1.251
0.482
0.477
0.363
0.561
0.412
0.359
0.69
0.639
0.642
1.732
0.297
1.064
0.685
0.247
0.326
0.504
0.765
0.223
0.163
0.796
0.423
0.558
2.873
0.374
1.142
0.504
0.528
0.44
0.341
0.597
0.737
0.663
0.551
1.072
0.705
0.482
0.291
0.422
0.629
0.51
0.744
0.843
0.159
0.341
0.807
0.39
0.601
0.554
0.383
1.976
0.544
0.48
0.383
0.266
4.115
0.311
1.16
0.954
0.517
0.792
0.203
0.4
0.589
0.166
0.507
1.145
0.935
0.487
0.751
0.321
0.809
0.244
0.593
0.194
1.303
0.36
0.549
0.917
0.496
0.465
1.285
0.304
0.578
1.104
0.612
0.948
1.075
0.476
0.426
0.582
0.41
0.271
0.605
0.656
0.476
0.19
2.581
0.497
0.403
0.187
0.59
0.54
0.346
1.169
0.422
0.536
0.398
0.69
0.926
0.495
2.381
0.482
0.726
0.495
0.601
0.54
0.398
0.359
1.372
0.433
0.942
0.484
0.955
0.681
0.337
0.297
0.517
0.779
0.745
0.393
0.275
0.562
0.249
0.986
0.65
0.493
0.574
1.161
1.639
1.098
0.397
0.447
0.638
0.287
0.421
0.222
0.488
1.724
0.609
1.509
1.477
0.629
0.639
0.417
0.651
0.528
0.47
3.208
0.567
1.842
0.592
0.63
1.003
0.863
0.725
1.491
0.435
0.555
2.858
0.649
0.334
1.504
0.612
0.246
0.333
0.253
1.317
1.733
0.447
0.334
0.727
0.459
0.205
0.754
0.429
0.641
0.312
0.558
0.752
1.188
0.303
0.572
0.378
0.49
0.487
4.667
0.726
0.361
0.359
0.503
0.787
0.783
1.694
0.444
1.381
0.566
0.395
2.223
0.939
0.691
0.657
1.075
1.079
0.755
0.516
0.739
0.476
0.746
1.588
2.789
0.323
0.383
0.728
0.411
1.302
0.609
0.464
2.594
0.271
0.558
0.611
0.436
0.38
2.094
0.212
0.703
0.42
0.71
0.497
0.755
0.704
0.907
0.629
2.587
0.407
0.308
0.171
0.558
0.293
0.645
0.922
0.811
1.348
0.347
1.648
0.345
0.281
0.367
0.549
0.326
0.579
0.33
0.609
0.384
0.519
1.018
0.607
0.483
0.736
0.783
0.698
0.261
1.286
0.726
1.309
0.299
0.661
1.787
0.829
0.724
0.651
0.747
0.811
1.993
0.33
0.761
3.706
0.514
0.623
1.371
0.532
0.956
0.566
0.317
2.35
0.385
1.484
0.439
0.893
0.504
1.766
7.364
3.265
1.939
0.471
1.024
1.04
0.449
1.104
1.454
0.591
1.08
0.682
3.408
0.784
1.369
0.425
1.384
0.741
1.144
1.05
0.652
0.853
0.639
1.642
0.683
0.578
0.565
0.431
0.902
1.038
1.316
0.62
0.613
0.707
0.513
0.393
0.412
1.067
0.619
2.116
0.642
1.21
0.466
0.719
0.691
0.966
1.031
0.824
0.608
0.489
0.493
0.484
0.408
0.734
0.564
0.907
0.309
2.371
0.882
0.216
1.37
0.314
1.039
0.576
1.601
1.04
0.309
2.15
1.975
1.456
1.165
0.772
0.564
0.818
0.411
0.862
0.682
0.475
0.734
0.527
1.119
1.526
1.929
1.937
0.786
1.184
0.984
0.608
1.154
0.391
3.602
0.44
0.5
0.729
0.282
0.468
0.581
2.067
0.826
0.647
0.57
0.658
1.081
0.807
0.641
1.349
1.389
0.554
0.534
0.613
0.528
1.574
0.484
0.694
0.524
0.852
0.508
0.96
0.743
0.853
0.602
0.615
0.373
0.769
0.927
0.729
0.537
0.939
0.704
0.454
0.706
0.66
0.68
0.645
0.308
1.178
0.73
0.752
0.418
1.335
0.879
0.523
0.478
0.723
0.718
0.477
0.338
1.186
0.902
0.49
2.936
0.578
2.462
0.783
0.466
1.001
0.747
1.043
0.0
0.897
0.713
0.684
0.308
1.149
1.072
0.856
2.014
1.503
0.932
0.539
0.835
0.431
1.232
0.43
1.025
0.949
1.164
0.657
1.009
1.043
0.298
0.295
0.348
0.741
0.517
0.321
0.809
3.01
0.456
1.588
1.308
0.907
1.253
1.35
1.33
0.207
2.874
0.389
0.834
1.309
0.329
1.47
1.255
0.953
1.088
0.815
0.403
1.431
5.551
0.556
1.134
0.457
1.019
0.398
0.556
0.917
1.508
1.263
1.535
2.113
0.581
0.557
0.93
0.663
1.002
0.89
0.842
0.449
0.661
0.833
1.686
0.46
0.56
0.564
0.502
0.991
0.657
0.373
0.617
3.411
0.687
0.385
2.106
1.234
0.721
0.928
0.592
0.79
0.524
0.628
0.811
2.802
0.444
0.739
1.907
1.188
0.409
2.402
0.659
3.942
1.025
0.916
0.397
0.281
0.887
1.372
0.935
0.622
0.785
0.937
0.58
0.769
0.537
1.376
0.428
1.924
1.171
1.116
1.865
0.996
1.571
0.971
0.633
0.36
0.942
1.676
0.655
0.431
0.575
1.086
0.501
0.519
1.033
0.749
0.942
0.58
1.023
0.275
0.46
0.592
0.634
0.677
1.106
0.372
0.592
0.929
0.97
0.575
7.616
0.363
0.831
0.372
0.955
0.753
1.173
1.678
0.618
3.168
0.69
0.943
0.902
0.506
0.854
1.481
0.496
1.286
1.397
0.833
0.73
0.517
0.83
2.473
1.358
0.523
2.367
1.461
0.452
1.549
0.732
0.522
0.683
0.324
0.825
1.52
0.342
0.49
0.967
0.913
0.64
0.379
0.556
0.644
0.756
0.463
0.933
0.946
1.393
0.522
0.934
1.089
0.556
0.62
0.496
0.385
2.212
0.46
0.652
0.893
1.048
0.457
0.484
1.22
0.448
1.417
0.361
0.785
1.702
0.895
0.546
0.597
0.561
0.351
0.354
0.659
0.817
0.425
0.772
1.148
0.463
1.417
0.657
0.721
1.158
2.498
1.315
0.784
0.393
0.486
0.518
0.369
0.292
0.507
0.694
3.392
0.367
0.781
0.614
0.786
0.499
2.14
0.684
0.461
0.775
0.88
0.547
1.108
0.523
0.374
0.51
3.735
1.095
1.47
1.378
0.791
1.835
1.048
0.821
0.59
0.981
0.328
1.613
0.751
1.043
0.782
0.659
0.592
0.785
0.447
0.724
1.397
1.723
0.861
0.708
1.839
0.363
1.138
0.359
0.847
0.999
0.601
0.909
0.51
1.402
0.505
1.057
7.327
1.048
2.738
0.541
0.954
0.466
0.85
1.64
0.548
1.513
0.455
0.519
0.673
1.062
0.433
1.155
0.878
0.555
1.647
0.471
0.767
0.837
0.849
1.221
0.488
0.612
1.091
0.581
0.517
1.296
0.766
0.892
0.56
0.626
1.095
1.416
0.543
3.335
0.632
0.91
1.195
0.862
0.725
0.546
1.561
0.937
0.556
3.686
0.542
1.023
0.82
0.586
0.753
0.627
1.149
1.018
0.738
3.37
0.694
1.566
0.425
0.511
3.995
0.288
0.365
0.577
0.932
0.895
0.666
0.91
1.271
1.138
0.992
0.471
2.707
0.571
0.298
0.0
0.965
3.412
1.732
1.006
2.141
0.792
0.513
0.666
1.165
0.503
0.773
0.791
0.54
0.54
0.623
0.629
0.895
0.58
0.967
0.419
0.543
2.146
0.523
0.335
0.621
0.504
2.487
0.646
0.309
1.188
0.497
1.71
0.686
1.092
2.649
1.208
0.745
0.287
0.684
1.15
1.691
1.338
1.262
1.4
0.761
4.172
1.084
0.948
0.351
1.333
0.58
1.299
1.134
0.757
0.55
0.617
1.003
0.664
0.269
0.634
0.342
1.815
0.678
3.848
1.957
0.71
2.414
0.831
1.641
1.606
0.875
0.489
0.377
0.414
0.943
1.739
0.525
0.864
1.049
4.816
0.697
0.82
1.04
0.608
0.579
4.014
1.741
0.594
0.736
0.758
0.93
0.71
0.773
1.273
1.347
0.571
1.128
0.58
1.415
0.599
0.598
0.412
0.407
0.816
0.456
2.154
0.948
2.726
1.72
1.248
0.749
0.556
0.691
2.006
1.055
1.811
1.162
2.385
0.907
0.658
0.81
1.025
1.075
0.767
0.652
0.428
0.337
0.295
1.163
0.989
1.186
1.785
1.341
0.402
1.715
0.561
1.797
0.752
0.889
1.297
0.976
0.577
0.636
2.056
0.597
0.873
0.617
0.279
0.684
0.85
1.097
0.462
0.613
0.512
0.823
0.453
0.892
0.843
2.397
0.988
0.82
0.682
0.0
0.789
2.965
0.586
2.643
0.629
0.675
0.648
0.526
0.674
0.62
0.877
0.263
1.018
1.661
1.162
0.385
0.664
0.758
0.321
0.928
0.957
0.425
2.24
0.641
0.426
2.517
0.551
0.572
1.246
0.441
0.787
1.111
1.408
0.548
0.976
0.485
1.401
0.55
0.358
0.833
0.941
0.532
0.921
0.853
1.251
0.583
1.226
0.733
0.673
0.573
0.633
0.324
0.63
0.957
0.345
0.74
0.548
0.479
1.377
0.672
1.282
0.905
0.974
1.332
0.754
0.805
2.894
0.432
0.691
0.768
0.792
0.732
0.816
2.796
0.762
0.867
0.683
1.458
0.212
0.692
0.327
0.687
0.823
0.388
0.511
0.435
0.506
0.967
0.612
1.061
0.842
0.496
1.706
0.444
3.664
0.843
1.451
0.902
0.601
0.35
1.39
1.378
0.631
0.885
0.546
1.083
1.401
0.479
0.97
0.808
2.083
0.509
0.571
0.536
0.753
0.809
0.811
0.63
1.258
0.526
0.52
0.641
0.723
0.968
0.42
1.1
0.776
0.991
0.874
1.741
0.577
0.316
0.85
0.907
1.437
2.296
0.729
1.137
0.363
0.935
1.232
0.917
0.376
0.934
2.039
0.598
0.471
0.375
0.291
1.647
0.585
1.731
0.812
0.486
0.403
0.793
0.603
1.09
3.408
0.617
1.443
1.43
1.257
0.519
0.853
1.735
0.27
0.494
0.941
0.855
1.027
1.072
0.637
0.67
0.433
1.335
0.417
2.514
0.889
0.599
0.638
1.182
0.362
0.348
0.544
1.238
0.601
0.539
1.122
1.589
0.402
0.5
0.417
0.988
0.712
1.079
0.718
0.848
1.541
0.64
0.794
0.622
0.955
0.726
1.0
0.714
0.895
1.31
0.356
1.286
1.132
0.6
0.386
1.091
1.0
0.499
0.73
0.898
1.039
1.209
0.696
0.555
0.328
0.506
1.08
0.601
1.992
1.228
0.362
0.659
1.541
1.097
0.722
0.547
0.449
1.036
0.759
0.747
0.613
0.45
0.558
0.395
0.558
0.578
0.654
0.338
0.548
0.664
0.708
0.921
0.0
0.336
0.519
0.466
0.406
0.862
0.271
0.593
0.788
0.519
0.805
1.687
0.306
0.378
0.859
0.748
1.583
0.866
0.543
0.377
0.39
0.679
0.49
0.411
1.494
0.314
0.554
0.454
0.42
0.355
0.164
2.475
0.831
1.159
0.739
0.683
0.61
0.916
1.484
0.544
0.837
0.759
0.421
0.803
0.617
0.535
0.571
1.207
0.635
0.73
1.027
0.581
6.07
0.838
0.818
1.252
4.179
0.523
3.632
0.583
0.527
0.79
0.485
0.724
0.56
0.636
0.645
1.023
2.456
0.584
1.198
1.101
0.365
1.251
0.633
1.0
0.623
0.397
0.796
0.57
0.441
1.542
3.141
1.46
0.417
0.354
0.905
0.657
0.303
0.709
0.789
2.036
1.778
1.199
0.438
0.388
0.444
0.261
0.456
0.469
1.461
0.563
0.321
0.43
1.756
0.743
0.296
0.535
0.504
0.979
0.769
1.212
0.596
1.067
1.158
0.705
0.793
0.672
0.898
2.172
0.444
0.483
0.595
0.762
1.476
0.592
2.731
0.574
0.273
0.531
0.295
0.706
0.6
0.977
1.553
0.358
0.445
2.054
0.49
1.26
0.761
3.741
1.032
0.725
1.273
1.164
0.802
1.841
1.001
0.759
0.935
0.539
1.676
1.269
0.488
0.894
0.877
1.13
2.488
0.51
0.417
0.676
1.533
0.774
0.803
0.661
2.829
0.565
0.804
0.412
0.453
4.199
0.911
0.264
0.798
0.461
1.302
1.44
0.347
0.677
1.009
0.501
0.957
2.118
0.591
0.61
0.641
1.007
1.163
1.319
0.893
1.807
2.384
1.155
0.335
0.649
1.024
0.562
0.621
1.538
0.613
6.28
0.616
1.057
0.693
0.781
0.795
0.955
0.838
1.55
2.025
0.795
0.656
0.557
4.379
0.593
0.236
2.082
0.473
0.569
2.067
0.417
4.432
0.645
1.519
0.746
0.909
0.744
0.86
0.613
0.595
0.769
0.637
0.349
0.763
0.617
0.484
0.897
1.407
4.998
2.539
1.73
0.436
0.561
0.56
0.925
0.761
0.808
3.712
0.587
1.142
0.0
1.261
0.41
0.881
1.403
0.834
2.202
0.602
0.743
1.053
1.954
0.872
0.0
0.866
1.281
1.476
0.351
2.029
2.841
0.608
1.2
0.943
0.943
0.509
1.591
1.783
0.647
0.412
0.86
0.588
0.352
3.067
0.431
0.755
1.576
1.334
0.877
0.327
1.741
0.44
0.399
1.072
0.939
2.042
1.229
0.609
4.93
0.769
0.708
1.235
0.892
0.666
2.698
1.505
0.56
1.221
1.25
0.263
0.393
0.747
1.449
0.418
0.439
0.571
0.578
0.891
0.976
0.957
2.079
0.577
0.384
0.314
0.881
1.818
0.824
0.673
3.58
0.652
1.665
0.445
1.24
2.214
1.265
0.876
0.495
1.376
0.595
0.86
0.49
2.022
1.119
2.04
2.077
0.841
2.876
4.157
0.48
1.327
0.586
1.44
0.969
1.025
0.692
7.994
0.877
0.901
0.681
1.136
0.497
1.288
0.796
0.706
0.993
1.292
0.973
1.264
0.838
1.926
0.63
0.634
0.516
0.578
0.468
0.435
0.629
0.274
0.494
0.893
0.965
0.59
1.621
0.537
0.808
6.109
0.658
0.348
0.584
0.722
0.735
0.981
3.366
0.604
0.869
0.531
0.634
1.243
0.596
0.335
0.721
1.247
1.035
0.712
0.932
0.338
0.66
1.004
0.707
1.368
0.8
1.619
0.809
1.144
1.187
0.891
2.134
0.968
0.848
0.915
0.739
1.053
0.796
0.817
0.68
0.811
0.898
1.357
0.67
3.248
1.379
0.839
0.884
3.239
0.615
0.526
1.139
0.684
0.484
0.609
0.485
0.0
1.013
2.053
1.612
1.365
1.892
4.178
1.317
0.888
0.604
0.598
0.932
0.915
1.519
0.572
0.299
1.075
0.868
0.748
0.698
0.811
4.119
0.513
0.428
0.542
1.863
0.443
0.146
0.629
0.596
0.655
1.151
0.665
1.61
0.773
0.512
1.413
0.689
0.461
0.578
3.618
0.712
0.328
0.656
1.087
0.556
0.861
0.843
1.296
0.929
0.686
1.101
0.573
0.516
1.015
2.585
2.237
1.337
0.702
1.715
0.552
1.675
0.858
0.425
0.999
0.709
0.602
0.75
0.0
0.622
1.122
0.963
0.858
0.578
0.981
0.446
2.699
0.997
0.768
1.021
1.284
0.559
0.902
0.749
2.267
0.906
0.76
0.623
0.639
0.532
2.091
1.118
0.554
0.885
0.733
0.644
0.319
0.388
1.406
0.59
1.513
0.515
0.837
1.01
0.896
1.348
0.85
0.921
1.67
1.107
1.18
0.961
0.563
0.346
21.333
1.037
1.831
0.903
3.197
0.864
1.915
1.169
1.303
0.881
1.188
0.565
1.715
0.51
0.404
1.329
1.575
0.501
0.77
0.758
1.182
0.707
0.871
0.695
1.308
1.101
1.274
1.019
1.36
0.53
1.24
0.681
4.87
1.487
1.105
1.389
0.961
0.949
0.688
0.516
1.213
1.602
1.118
0.784
0.363
0.926
0.972
0.451
1.443
0.686
1.793
2.251
0.633
0.384
1.876
0.692
1.796
2.256
0.957
1.016
0.631
0.731
0.733
0.802
0.96
0.692
4.935
0.801
1.654
1.708
0.632
0.385
0.422
0.536
0.638
0.568
0.427
0.834
