-25.44
-16.67
-28.58
-23.5
-21.89
-21.92
-17.88
-14.52
-20.35
-19.55
-5.36
-21.83
-4.82
-17.24
-8.05
-26.5
-4.65
-17.86
-18.33
-17.95
-23.06
-14.5
-15.81
-5.38
-7.42
-6.57
-6.8
-8.67
-18.41
-13.87
0.03
-24.45
-1.4
-22.48
-13.87
-21.95
-8.14
-12.54
-15.24
-12.62
-16.74
-13.1
-3.81
11.37
-19.08
-2.91
-11.25
-7.11
-12.79
1.0
-6.94
0.45
-13.53
0.0
-17.02
-8.92
-22.84
-24.92
0.94
-8.49
-14.28
-14.07
-8.89
-1.32
-12.16
-2.19
-36.54
-7.47
-0.95
-24.07
-10.65
0.86
-0.4
-5.17
-2.09
0.32
3.05
-24.01
-6.11
16.75
-0.45
1.58
-2.51
0.13
9.21
3.59
-8.73
-22.99
0.95
6.6
-0.56
6.5
2.87
13.95
-25.28
7.45
-4.4
3.3
8.53
3.65
-3.45
-12.07
4.05
-12.58
-13.24
-13.74
5.84
2.15
14.93
3.55
8.5
5.38
-10.26
-17.3
-8.55
4.94
-11.24
5.56
-3.91
-15.71
15.84
-3.92
-16.6
0.2
4.43
-3.38
4.18
21.6
-2.06
8.35
9.13
-12.62
9.22
-11.56
-9.63
-0.56
-14.23
7.1
4.71
13.05
14.37
-9.34
-2.66
-0.31
2.72
-9.77
-2.06
-1.29
1.77
2.1
7.63
-0.06
-0.25
4.6
18.94
-10.32
9.67
-0.93
3.53
-15.32
-4.4
2.14
3.32
-0.3
-2.62
9.73
10.26
-2.79
6.11
9.18
-0.76
-7.52
15.06
6.17
12.39
10.01
12.52
7.25
6.83
0.18
7.82
-3.97
1.0
4.17
1.03
-1.05
4.15
1.55
-10.62
18.59
3.26
3.81
2.73
8.26
0.84
4.4
18.92
2.49
-4.68
-2.62
-3.91
14.51
4.27
-16.78
16.94
19.45
1.55
10.9
5.05
11.76
-7.12
3.47
5.37
-8.3
1.18
14.2
21.36
18.16
12.94
2.6
15.89
-0.96
13.83
-0.03
6.78
10.52
14.35
14.73
2.4
-16.05
16.09
8.36
5.67
-4.8
7.57
17.64
17.47
2.74
3.55
8.25
0.05
12.47
-0.98
23.5
4.84
-1.32
15.4
2.87
12.32
9.61
11.34
-2.11
20.33
13.22
25.12
-7.69
5.31
11.77
17.03
0.14
10.0
20.35
21.93
11.9
4.15
-3.65
17.85
0.01
7.83
0.86
5.92
-4.55
21.22
-0.29
2.07
12.99
-3.91
12.81
3.99
-5.05
6.33
1.91
20.62
-1.57
3.03
14.17
2.67
0.3
22.31
1.3
3.49
-0.34
8.72
7.84
9.94
8.26
13.67
19.02
10.01
-2.73
0.27
13.04
14.75
8.0
9.85
6.39
5.59
14.65
7.45
17.67
0.33
17.25
17.55
-2.95
-7.84
13.13
26.02
9.12
18.21
15.49
21.68
7.98
6.37
19.24
19.83
7.67
8.33
13.76
18.52
20.61
20.66
16.14
16.68
11.82
9.36
12.78
13.98
17.51
19.03
-3.99
5.51
18.12
7.15
8.49
19.03
13.63
9.86
25.62
23.74
8.52
13.65
4.8
12.88
19.31
-10.84
-2.11
-0.05
23.46
10.62
4.45
3.97
12.32
14.34
3.99
1.08
10.57
-0.23
7.34
7.6
-4.92
12.47
4.94
20.9
0.0
2.16
-0.01
18.23
18.02
-7.29
18.95
17.66
5.31
0.82
15.24
-12.79
13.45
15.16
15.28
19.68
4.44
-1.95
22.43
12.16
8.52
9.36
5.23
16.79
10.58
6.74
-6.3
10.2
8.47
9.57
-0.27
19.31
24.53
-3.76
19.55
8.74
11.99
0.89
14.22
3.29
8.34
21.68
-2.08
6.92
4.67
2.87
27.03
13.32
14.85
15.27
19.73
0.64
10.76
10.97
7.6
14.72
11.9
14.04
-14.48
7.8
18.94
9.05
-13.1
-3.23
16.62
13.04
25.3
7.79
10.93
19.95
13.33
4.53
8.3
20.33
8.57
12.13
-0.83
-3.16
14.41
15.69
-17.19
15.98
6.44
17.75
-14.35
17.41
1.87
1.18
-0.97
3.93
16.15
29.11
11.53
16.18
10.98
-4.97
0.46
-7.89
6.47
-0.29
2.03
19.36
16.05
17.98
13.98
14.64
2.23
-11.17
10.52
7.44
4.78
20.97
-0.25
10.49
11.82
25.7
1.02
4.61
0.33
12.18
-18.54
1.48
4.48
-8.81
16.16
5.95
8.66
-11.69
4.72
18.49
7.3
12.57
0.46
6.3
20.14
7.13
0.78
1.11
18.35
12.38
14.73
-7.42
4.77
-0.18
16.42
7.56
-9.38
11.26
20.13
8.15
16.87
2.49
16.12
12.91
19.86
0.77
17.57
9.85
6.45
7.42
-2.74
12.15
3.16
14.73
14.66
10.12
9.96
10.91
1.83
3.37
0.8
9.73
9.0
-4.08
17.27
1.1
16.07
8.03
5.75
-14.13
17.91
10.9
-3.46
21.71
-2.99
17.45
10.68
-13.77
21.7
-5.04
21.67
13.71
-6.44
21.26
11.84
8.22
12.32
4.51
11.56
5.66
18.3
-1.16
18.57
0.8
23.84
12.31
16.83
18.37
10.41
19.85
3.41
15.58
4.1
-2.72
7.41
7.52
22.37
7.38
14.83
17.22
20.3
7.31
25.37
-2.1
20.94
0.14
1.24
7.72
9.38
3.74
8.34
20.73
22.74
-2.32
9.87
18.04
-14.64
-1.14
9.55
21.56
21.88
4.76
16.51
11.72
14.22
20.39
-7.6
0.74
18.63
-4.69
14.14
9.42
14.72
7.48
-1.35
0.72
0.0
11.1
19.1
15.3
11.97
22.44
7.58
17.18
15.73
5.15
7.75
29.26
9.84
2.11
-23.12
6.26
11.85
5.75
1.62
7.83
5.02
10.81
25.97
20.17
22.25
7.31
17.71
4.47
6.37
-0.98
5.43
15.87
15.59
21.31
22.14
18.9
20.84
19.25
4.26
19.69
18.35
23.56
9.69
20.54
18.79
15.15
7.2
21.76
11.22
22.51
4.59
11.92
23.43
8.48
8.87
11.03
23.15
8.05
3.46
16.94
12.12
16.13
23.65
6.48
9.53
23.2
15.97
14.93
9.16
25.13
7.45
19.78
17.22
9.69
6.36
18.68
11.71
20.0
18.37
-11.54
5.24
12.03
5.36
12.23
23.55
10.01
8.51
2.37
15.95
2.93
22.03
-5.35
16.63
2.7
20.79
16.16
20.5
22.81
10.03
1.19
4.36
10.64
0.46
16.34
11.18
-20.3
8.92
8.73
5.23
10.88
26.11
4.86
14.92
22.77
14.16
-15.91
8.77
0.83
9.24
5.87
6.93
6.46
26.45
4.7
-1.26
5.38
22.02
-1.95
10.89
9.73
16.3
-3.17
9.09
3.04
12.96
9.29
4.7
18.79
23.32
15.48
0.85
-8.44
14.75
-10.79
20.76
3.96
2.01
4.36
-2.72
-2.1
1.02
11.11
8.64
-7.02
15.85
12.24
17.82
15.06
22.11
22.15
15.38
21.22
8.26
27.85
16.29
18.61
18.07
22.61
9.81
0.05
17.16
23.1
2.9
4.54
5.83
25.06
27.44
19.03
2.49
19.48
16.27
12.87
18.54
19.35
-14.49
11.34
-3.99
18.47
12.33
10.1
22.1
-0.65
17.02
8.71
23.35
26.14
13.94
9.01
18.97
18.31
9.93
9.79
-5.4
9.56
12.73
-4.44
10.94
10.63
20.83
31.94
18.31
13.09
22.79
22.47
19.37
28.2
20.09
18.51
1.91
20.64
8.41
-1.75
17.58
9.82
14.95
0.36
7.82
17.88
17.0
3.88
27.32
-20.18
12.04
24.12
4.8
5.85
17.31
18.82
10.81
4.06
11.96
13.49
18.46
8.18
1.95
11.2
15.48
13.3
15.36
-0.12
4.6
23.1
14.19
0.94
-1.7
5.17
7.9
4.81
21.91
19.16
23.62
15.19
23.85
11.76
11.71
2.64
23.9
0.21
10.15
15.88
0.11
-3.01
14.81
3.82
-4.65
5.9
1.04
22.75
2.17
22.11
17.63
15.46
8.74
6.52
11.41
17.5
26.69
20.39
9.98
-4.39
23.82
7.94
14.82
-1.55
13.22
13.59
12.56
8.29
7.14
9.6
3.68
20.93
7.84
18.56
13.19
18.08
6.18
14.55
22.04
18.99
8.11
6.65
6.95
3.93
16.39
-3.57
18.31
13.99
19.24
17.64
9.27
20.49
25.04
10.89
7.41
26.61
16.88
12.1
17.2
17.25
14.69
15.45
20.22
19.65
9.61
-2.23
4.63
12.02
19.53
26.94
-1.67
-0.3
9.24
23.28
7.78
31.27
17.77
14.57
16.68
4.34
1.49
13.41
23.89
23.24
19.88
5.23
3.41
6.41
20.88
24.24
23.06
19.29
23.11
6.07
21.02
26.7
8.43
22.5
-9.16
8.43
7.72
6.93
14.22
4.84
0.0
-2.73
19.47
8.61
10.8
-1.96
-0.2
19.58
-4.35
2.18
-2.5
-0.06
16.58
8.86
1.02
-14.93
23.04
28.58
14.34
7.51
0.53
19.25
11.22
0.55
17.13
8.71
27.34
8.58
2.55
22.83
18.96
12.89
21.32
9.71
21.28
0.87
-8.33
17.25
2.57
13.84
20.69
20.1
20.64
-5.23
14.81
1.13
5.31
8.61
18.42
28.09
13.12
10.62
11.23
16.76
-2.92
15.49
15.86
22.66
8.55
24.3
5.23
19.76
11.59
16.46
13.19
17.73
27.35
14.25
18.74
15.67
4.62
12.4
12.41
25.42
7.83
9.96
24.76
8.16
-5.38
8.35
24.88
16.46
16.33
12.75
17.55
14.92
4.47
1.49
14.94
12.33
7.17
8.26
1.97
24.84
16.36
7.82
-5.04
11.71
2.29
0.0
7.23
16.84
24.31
5.01
9.91
8.29
1.13
23.04
21.22
22.1
7.64
2.07
17.31
4.43
21.55
24.56
11.14
12.12
20.02
22.9
10.43
12.36
24.0
6.41
2.46
26.43
9.92
8.52
29.15
22.54
27.75
23.98
21.51
20.5
20.95
6.87
22.96
23.94
27.35
10.88
21.12
17.28
13.62
11.88
9.56
1.28
15.5
18.53
8.1
19.9
21.31
9.62
15.21
11.3
17.76
12.14
5.38
8.68
20.7
21.11
0.74
26.37
23.23
0.0
19.55
18.16
20.37
20.75
8.56
9.93
21.12
11.22
2.51
-0.09
26.02
-5.38
17.0
0.03
28.82
11.3
15.19
6.22
19.33
23.25
1.26
21.14
18.12
9.82
9.85
19.49
8.16
27.35
22.62
17.63
14.31
7.67
30.73
16.61
25.63
16.36
12.79
12.96
22.06
18.04
14.19
4.49
-7.06
18.14
15.78
10.02
5.71
17.16
13.38
8.89
26.43
14.31
4.69
19.55
2.69
9.81
4.62
26.6
8.44
10.67
23.23
3.28
9.9
15.66
15.09
27.14
20.46
7.7
3.97
12.25
19.8
19.4
1.0
15.45
26.63
-5.75
16.16
19.51
-0.19
13.56
20.96
8.4
11.09
0.22
26.02
10.68
-0.51
7.85
24.09
7.93
19.23
17.65
15.52
7.52
15.31
25.62
3.38
14.82
12.35
18.87
24.02
22.62
18.0
15.21
16.49
4.73
10.87
21.67
23.6
26.79
18.14
-10.74
14.59
25.7
7.22
11.83
14.97
7.88
14.45
17.75
23.58
27.46
25.14
1.72
-4.26
24.07
11.84
22.01
24.75
10.2
14.63
27.25
21.17
18.96
18.22
21.18
14.68
19.36
11.1
15.03
5.4
14.77
0.01
17.89
24.8
16.98
29.91
8.08
5.91
19.41
16.42
24.35
15.49
10.97
-1.17
5.07
-6.83
8.7
14.87
13.06
-1.46
9.54
0.67
20.22
15.9
-2.32
22.45
8.03
15.76
24.9
4.43
27.88
-12.35
20.39
20.4
4.44
19.93
10.79
23.21
19.19
20.46
28.23
8.67
7.16
25.4
12.02
1.09
17.55
13.01
15.11
3.34
21.42
21.94
3.58
3.07
25.35
12.14
12.52
18.93
18.23
-0.22
0.82
24.62
-1.61
15.31
14.81
1.65
17.16
15.24
19.15
4.16
13.6
18.9
2.42
14.32
29.61
13.93
16.98
13.71
0.78
11.58
13.98
21.37
16.15
18.03
20.08
9.51
18.41
16.75
20.25
17.55
15.39
2.74
24.7
6.77
20.33
21.74
6.71
25.37
27.82
23.25
0.03
19.78
8.14
21.69
11.75
-2.59
17.61
3.08
19.22
0.0
30.11
2.04
10.05
17.69
1.72
28.95
20.43
16.71
23.38
10.87
-1.5
-2.68
21.73
11.5
17.04
27.81
22.68
29.01
23.23
8.9
12.47
9.5
3.73
13.06
11.76
-3.09
6.35
0.97
24.88
25.24
17.74
-0.16
11.0
27.73
25.13
18.93
5.18
12.53
13.89
13.17
33.55
10.33
21.35
5.47
15.33
11.46
15.84
9.84
-0.36
12.41
7.82
23.99
-15.53
32.08
14.95
22.23
26.3
20.78
8.75
15.02
5.38
21.59
20.46
20.98
15.91
20.68
6.63
10.53
18.41
25.51
-0.68
19.41
24.5
26.39
2.56
7.44
-4.01
10.46
10.65
28.25
21.81
19.52
3.03
12.87
5.24
16.18
2.85
20.22
17.03
16.28
-11.62
11.81
8.62
1.68
10.77
0.68
9.83
23.71
18.95
13.91
-6.59
19.48
19.49
19.61
11.09
8.1
13.3
26.13
7.51
10.96
23.03
3.34
21.89
22.7
9.19
20.92
8.94
22.44
20.09
18.28
26.15
19.89
3.04
14.41
6.06
18.8
-2.41
24.46
6.04
6.12
-1.07
-7.6
20.74
23.29
19.39
16.37
19.62
19.37
-1.19
15.74
9.1
5.54
19.82
9.02
18.99
19.19
23.09
29.47
-3.36
8.39
13.26
23.33
26.64
13.76
27.25
10.03
10.39
15.72
10.29
12.07
19.8
26.31
18.74
22.58
3.77
15.09
7.36
10.07
18.18
15.07
27.43
4.85
16.66
0.47
26.96
24.15
12.92
18.92
-5.04
13.49
15.01
15.01
21.48
13.31
12.67
29.24
11.37
15.55
11.51
2.08
-12.7
14.08
17.93
26.43
3.3
20.66
21.64
22.15
0.03
3.35
11.8
19.22
24.89
9.8
21.55
-12.19
-9.29
-6.01
14.6
3.75
25.78
18.07
20.49
10.93
22.22
22.4
23.31
4.52
4.82
12.5
16.05
7.46
-0.01
13.38
3.46
25.4
16.41
7.06
12.0
22.7
16.49
11.6
10.47
2.59
16.62
2.8
24.13
25.59
24.05
15.99
30.02
2.38
33.87
21.01
3.23
12.83
22.8
7.06
7.18
20.05
0.0
-0.99
13.47
18.46
-4.46
2.51
19.63
11.69
7.08
17.79
18.47
14.96
0.0
26.07
23.66
5.76
22.66
0.05
7.09
24.54
0.01
0.02
-3.03
21.42
0.01
4.79
18.68
30.08
27.25
1.66
31.28
16.32
20.15
20.16
0.01
31.38
1.1
14.71
21.29
17.15
23.82
5.31
4.91
27.26
8.54
18.87
24.24
13.82
21.24
14.72
25.19
13.53
16.16
14.26
25.58
26.95
7.0
29.21
22.74
17.27
17.7
3.78
14.95
20.52
8.75
26.04
13.4
25.81
6.83
2.52
12.16
24.56
11.29
1.87
25.13
12.43
20.97
9.23
9.48
0.01
15.14
27.39
3.47
-0.05
23.84
23.16
7.96
8.45
-4.22
15.65
1.83
26.96
27.95
18.07
8.9
11.28
28.72
13.02
18.62
15.12
21.56
13.3
19.68
11.31
20.19
22.83
21.24
0.01
22.43
13.67
3.67
10.07
0.68
25.23
26.94
10.0
20.97
20.07
18.8
16.69
8.39
14.04
20.22
2.02
1.6
12.07
-0.99
0.02
21.45
28.58
5.12
-0.99
0.42
-6.6
11.96
21.16
16.77
1.26
0.01
11.6
6.72
23.89
19.08
9.45
23.7
1.3
14.42
0.01
18.12
8.35
0.01
22.68
15.06
27.6
4.5
0.01
24.71
12.95
12.34
-6.35
17.28
4.73
9.17
20.63
23.68
22.33
-7.78
17.22
-4.43
17.26
7.18
0.02
2.75
18.69
6.22
14.72
14.11
17.78
6.54
9.35
2.17
13.26
26.31
8.67
20.55
16.85
23.66
12.72
29.22
0.0
0.01
22.06
10.89
18.39
14.81
18.14
20.39
27.48
0.03
25.9
-2.68
10.17
0.01
21.91
17.34
9.7
23.15
0.0
3.97
10.56
16.12
16.32
24.26
0.36
20.98
28.46
3.38
19.6
0.01
29.46
25.51
23.81
21.33
23.54
11.61
20.27
18.89
23.68
19.06
-4.91
-2.58
27.0
16.89
24.26
12.39
9.25
12.74
-0.33
13.4
17.28
16.34
31.6
23.11
10.12
23.51
5.65
23.64
2.14
14.55
8.5
6.73
11.93
15.35
27.47
27.6
20.81
30.53
0.0
21.21
0.01
3.34
10.14
5.84
18.18
19.71
25.28
22.42
17.31
23.28
8.94
-1.2
18.15
21.16
8.93
25.68
19.92
23.75
25.45
12.6
13.06
19.36
8.48
5.1
-7.79
16.78
10.77
14.61
0.02
21.61
13.35
10.92
12.97
10.87
0.01
13.99
17.6
14.86
9.6
21.55
19.33
3.8
0.02
21.94
0.01
23.98
10.67
24.41
-5.29
16.71
6.94
5.1
6.61
6.79
12.53
7.81
15.31
15.46
21.22
20.94
18.37
10.58
27.24
25.58
7.41
22.19
16.41
11.15
11.65
34.96
23.21
17.96
30.73
10.7
21.22
-0.4
26.63
11.81
11.65
12.98
22.94
22.99
0.01
6.46
19.43
15.57
9.23
6.67
7.63
9.4
9.95
18.65
14.08
1.22
19.58
0.3
4.96
15.88
17.71
17.0
12.02
27.28
15.83
12.77
18.88
4.13
20.29
28.55
-1.94
15.69
14.98
26.43
15.39
21.2
15.31
25.05
12.1
10.63
13.58
24.79
2.37
7.38
