-204
-290
-195
-320
-243
-198
-340
-275
-272
-387
-192
-290
-233
-289
-225
-355
-230
-349
-310
-295
-242
-305
-170
-325
-259
-295
-180
-237
-252
-325
-285
-264
-207
-179
-235
-240
-390
-285
-285
-212
-219
-300
-250
-263
-255
-365
-300
-197
-282
-190
-172
-260
-315
-250
-220
-257
-307
-228
-290
-270
-350
-295
-223
-255
-265
-190
-310
-269
-262
-177
-232
-180
-242
-152
-292
-310
-200
-137
-168
-275
-265
-254
-247
-340
-307
-340
-255
-192
-197
-262
-340
-244
-215
-235
-305
-249
-310
-240
-213
-315
-295
-298
-335
-345
-255
-267
-310
-249
-347
-172
-265
-282
-217
-232
-280
-250
-226
-272
-307
-200
-300
-328
-357
-157
-375
-172
-210
-305
-340
-315
-265
-259
-291
-245
-218
-292
-273
-212
-205
-267
-117
-283
-270
-240
-335
-301
-292
-142
-337
-347
-245
-262
-177
-302
-127
-293
-252
-370
-330
-342
-270
-262
-245
-285
-278
-170
-275
-138
-317
-309
-260
-317
-252
-293
-250
-365
-257
-220
-310
-317
-182
-245
-258
-312
-182
-385
-345
-232
-333
-328
-200
-310
-245
-318
