-20.09
-26.22
-30.32
-24.94
-23.91
-20.39
-31.61
-28.06
-21.48
-25.19
-29.26
-18.69
-17.25
-17.12
-13.69
-19.0
-23.36
-18.32
-21.16
-25.67
-15.24
-19.74
-15.39
-30.14
-37.11
-33.81
-30.42
-19.22
-36.24
-38.16
-39.0
-37.81
-26.72
-23.43
-26.27
-37.0
-37.12
-37.33
-34.42
-37.92
-38.88
-35.01
-37.58
-38.32
-38.24
-27.16
-38.23
-34.84
-35.45
-38.26
-37.9
-38.31
-37.88
-37.69
-3.62
-39.43
-34.56
-27.96
-38.31
-38.04
-39.01
-38.27
-1.52
-34.03
-37.6
-38.11
-16.74
-37.23
-36.25
-38.68
-28.69
-38.01
-30.09
-36.22
-3.98
-30.05
-38.61
-39.36
-37.94
-32.14
-38.5
-32.32
-37.72
-35.19
-9.29
-28.66
-2.17
-37.02
-36.49
-38.03
-37.49
-37.66
-38.77
-11.74
-23.37
-37.13
-37.25
-34.31
-39.15
-36.45
-35.7
-29.86
-34.46
-37.42
-38.77
-37.81
-38.65
-39.01
-36.61
-27.7
-38.14
-32.42
-37.15
-38.28
0.0
-1.19
-38.45
-38.83
-37.63
-32.14
-38.52
-37.49
-39.04
-38.21
-30.58
-36.36
-29.08
-28.22
-38.16
-28.99
-38.21
-7.88
-35.93
-34.33
-26.42
-28.73
-38.02
-36.96
-1.99
-38.43
-36.11
-30.07
-29.04
-38.68
-39.1
-39.19
-31.16
-13.11
-37.77
-37.61
-36.1
-8.43
-37.81
-38.19
-33.9
-38.85
-38.13
-34.08
-17.12
-37.01
-36.54
-37.9
-25.54
-39.24
-37.95
-38.62
-38.45
-1.63
-10.95
-39.18
-36.9
-38.3
-35.72
-38.03
-39.07
-37.7
-21.72
-28.81
-38.5
-0.23
-37.71
-5.48
-37.58
-33.45
-27.92
-38.05
-32.2
-38.35
-38.18
-35.26
-34.95
-37.79
-36.23
-38.93
-31.89
-36.53
-24.59
-24.55
-36.48
-38.15
-28.3
-29.85
-33.57
-34.61
-1.96
-30.82
-38.29
-39.06
-37.47
-38.59
-7.16
-38.38
-36.92
-37.29
-38.93
0.17
-38.74
-32.6
-37.8
-36.84
-37.79
-10.58
-37.74
-21.05
-29.21
-37.81
-39.17
-38.95
0.16
-37.7
-38.29
-28.79
-38.58
-38.18
-37.39
-38.4
-20.55
-31.4
-34.07
-39.19
-27.22
-31.88
-36.0
-36.65
-38.22
-38.59
-38.29
-37.93
-37.66
-36.19
-37.89
-37.63
-29.98
-38.24
-37.25
-34.65
-37.5
-36.78
-39.18
-38.38
-38.75
-35.27
-39.37
-37.85
-32.02
-0.6
-34.13
-38.46
-19.32
-38.91
-28.44
-32.53
-33.78
-38.56
0.33
-37.87
-37.66
-38.14
-36.65
-37.44
-33.42
-33.52
-38.5
-38.61
-36.53
-30.42
-5.85
-38.45
-38.0
-29.54
-38.41
-36.82
-38.95
-2.23
-2.26
-36.43
-36.87
-22.19
-24.31
-39.06
-27.21
-12.87
-37.17
-38.02
-37.59
-38.11
-38.35
-28.39
-33.74
-37.81
-31.27
-7.9
-23.08
-37.28
-37.22
-3.78
-36.01
-38.6
-37.48
-37.61
-37.27
-37.2
-37.12
-37.94
-38.03
-7.59
-37.08
-19.03
-27.03
-37.63
-37.77
-36.5
-36.66
-38.35
-29.62
-38.1
-37.92
-32.42
-37.63
-38.85
-35.86
-38.49
-37.26
-37.61
-37.5
-35.56
-38.61
-39.28
-37.55
-25.89
-38.86
-29.26
-33.19
-37.35
-38.38
-37.5
-38.85
-14.3
-37.88
-37.41
-37.67
-36.28
-6.93
-37.08
-34.12
-36.39
-38.01
-37.69
-37.92
-34.49
-38.29
-37.28
-38.26
-37.55
-37.58
-38.55
-38.07
-38.97
0.12
-39.05
-8.1
-36.19
-1.55
-36.37
-35.54
-26.27
-39.12
-35.13
0.17
-10.79
-3.73
-35.81
-38.17
-30.16
-36.62
-31.85
-35.76
-38.01
-15.29
-38.5
-34.56
-38.45
-36.56
-36.69
-38.07
-37.94
-38.31
-37.35
-35.71
-32.4
-38.33
-19.23
0.0
-37.82
-30.48
-14.84
-28.94
-36.62
-37.87
-38.59
-28.31
-28.6
-37.23
-36.56
-36.68
-33.4
-5.03
-0.15
-38.4
-38.82
-11.57
-28.98
-36.64
-38.25
-30.42
-37.68
-29.06
-38.82
-37.38
-38.5
-34.06
0.24
-37.21
-39.03
-4.52
-37.9
-38.05
-1.08
-39.03
-36.63
-38.27
-37.38
-37.9
-37.56
-38.13
-38.23
-28.08
-38.92
-37.8
-29.08
-3.1
-37.66
-39.25
-20.37
-5.5
-6.46
-38.43
-33.82
-36.91
-38.44
-37.0
-37.39
-16.61
-35.91
-0.64
-0.9
-38.48
-38.67
-3.73
-6.57
-39.23
-32.84
-38.06
-36.71
-6.02
-37.76
-37.54
-37.41
-38.93
-21.86
-38.11
-15.71
-37.8
-38.02
-38.38
-29.03
-36.75
-8.62
-27.18
-37.97
-37.44
-20.73
-28.72
-35.51
-12.66
-22.29
-37.33
-37.6
-13.17
-37.47
-30.18
-38.69
-38.06
0.35
-20.17
-37.66
-36.27
-3.77
-2.71
-30.61
-38.57
-35.89
-33.49
-38.79
-4.52
-1.88
-6.02
-10.48
-39.53
-37.52
-39.19
-38.48
-36.9
-36.78
-37.7
-29.91
-37.92
-23.23
-33.3
-29.6
-32.56
-10.8
-36.74
-17.5
-38.9
-27.91
-27.84
-36.65
-30.44
-21.56
-31.49
-38.51
-24.09
-39.19
-38.3
-25.15
-37.2
-37.7
-35.7
-29.81
-36.65
-38.47
-37.85
-34.58
-39.11
-37.4
-37.79
-31.73
-38.65
0.12
-36.27
-36.02
-6.7
-19.09
-18.38
-36.84
-35.75
-37.78
-38.12
-37.51
-37.69
-37.77
-37.46
-36.6
-37.75
-31.7
-34.47
-38.56
-9.52
-27.85
-36.76
-38.57
-22.38
-36.34
-8.75
-38.35
-37.1
-38.38
-39.56
-21.93
-37.99
-27.06
-1.8
-38.09
-37.73
-37.75
0.0
-39.11
-36.48
-25.94
-38.68
-38.16
-32.12
-36.51
-37.97
-37.93
-37.11
-38.33
-38.67
-37.3
-27.32
-38.87
-36.6
-6.9
-36.95
-38.29
-38.84
-6.44
-38.07
-37.47
-36.13
-6.18
-37.49
-38.26
-6.95
-4.9
-23.23
-38.05
-38.33
-26.99
-15.37
-31.78
-38.13
-26.69
-38.1
-36.7
-37.75
-35.74
-0.75
-28.84
-37.03
-37.57
-26.78
-38.78
-31.82
-29.33
-11.0
-38.63
-26.75
-13.52
-0.84
-0.15
-34.98
-37.84
-37.61
-37.48
-32.21
-32.28
-23.95
-15.18
-37.12
-37.32
-35.7
-30.95
-38.89
-9.16
-8.98
-25.19
-35.49
0.43
-39.49
-36.19
-37.88
-16.42
-2.33
-33.89
-0.05
-38.77
-38.78
-38.76
-30.37
-3.87
-36.69
-35.54
-31.8
-29.06
-16.45
-5.88
-37.57
-37.51
-38.24
-37.48
-37.37
-37.44
-35.26
-37.84
-21.95
-1.73
-12.99
-17.4
-34.45
-38.19
-36.91
-38.74
-39.19
-31.49
0.02
-28.7
-38.05
-37.04
-37.77
-37.78
-9.1
-1.93
-37.15
-38.3
-35.03
-11.16
-37.74
-28.72
-38.18
-37.3
-16.35
-37.02
-38.27
-37.17
-37.53
-12.27
-38.36
-39.19
-37.68
-37.65
-39.25
-36.72
-38.09
-38.13
-25.26
0.41
-36.15
-28.37
-35.46
-30.95
-38.33
-35.37
-37.79
-38.81
0.2
-36.6
-38.05
-37.99
-38.2
-27.29
-37.76
-38.93
-38.1
-8.45
-37.86
-38.35
-37.82
-38.25
-2.69
-38.64
-36.4
-37.66
-38.14
-37.95
-5.58
-36.11
-12.01
-16.36
-37.71
-38.61
-13.49
-38.79
-37.81
-37.99
-11.62
-37.98
-2.28
-37.48
-1.56
-36.85
-38.58
-35.57
-25.27
-37.72
-38.78
-38.25
-38.41
-27.99
-5.29
-38.51
-38.3
-28.93
-18.72
-30.19
-29.5
-29.96
-36.61
-35.87
-5.34
-30.28
-36.6
-38.7
-37.73
-39.18
-32.73
-32.86
-37.57
-9.22
-29.95
-27.96
-36.9
-29.16
-36.22
0.33
-27.65
-37.8
-38.09
-38.95
-38.03
-36.48
-36.89
-30.34
-38.23
-36.27
-37.41
-35.93
-27.16
-37.95
-38.38
-6.43
-14.18
-38.32
-37.15
-38.24
-29.33
-32.23
-35.06
-38.91
-9.49
-29.05
-37.61
-29.61
-0.72
-37.54
-38.54
-38.56
-37.85
-36.85
-37.8
0.25
-34.07
-31.82
-38.24
-37.96
-11.07
-37.9
-35.05
-37.98
-39.04
-38.06
-38.02
-0.82
-35.89
-31.48
-38.12
-34.04
-38.74
-36.4
-18.35
-38.52
-37.34
-30.74
-39.11
-37.65
-37.53
-37.46
-31.03
-37.22
-37.67
-36.47
-1.72
-38.29
-37.92
-36.16
-37.06
-22.46
-38.88
-37.86
-37.32
-37.65
-38.22
-13.35
-37.23
-37.0
-19.16
-31.3
-29.66
-36.01
-37.06
-39.5
-38.67
-38.2
-17.37
-38.83
-36.92
-37.62
-31.65
-31.73
-35.67
-37.88
-39.34
-38.15
-38.2
-38.75
-37.7
-37.08
-37.44
-6.68
-33.78
-35.29
-37.41
-38.68
-6.58
-38.69
-31.68
-37.78
-33.71
-15.44
-26.52
-33.78
-38.39
-37.18
-30.45
-38.46
-38.5
-36.37
-29.65
-17.16
-38.52
-29.88
-35.82
-31.15
-36.72
-38.57
-37.11
-37.14
-36.02
-37.47
-39.35
-37.37
-37.82
-38.49
-38.74
-36.8
-35.01
-37.8
-37.58
-37.8
-32.47
-38.57
-37.45
-37.73
-37.53
-37.13
-27.71
-37.82
-38.06
-37.96
-37.65
-18.94
-38.26
-38.08
-39.11
-37.48
-38.91
-20.47
-30.91
-36.58
-4.29
-36.97
-38.16
-37.7
-9.19
-36.67
-36.58
-4.29
-29.94
-37.12
-22.57
-37.91
-34.36
-37.62
-6.48
-29.54
-14.49
-39.67
-0.68
-37.33
-31.18
-37.79
-38.68
-37.43
-37.93
-37.26
-7.9
-39.07
-38.81
-39.17
-4.55
-32.97
0.46
-38.78
-35.67
-38.05
-37.68
-11.09
-38.12
-35.3
-38.09
-38.69
-4.4
-38.12
-0.23
-28.9
-37.08
-38.56
-16.45
-37.49
-38.41
-37.25
-38.28
-37.12
-13.3
-38.61
-38.01
-38.99
