0.509
0.433
0.712
0.935
0.953
1.168
1.183
1.323
1.908
1.545
1.926
2.237
2.57
2.133
2.209
2.585
2.555
2.844
3.072
3.127
3.364
3.466
3.49
3.857
4.58
5.185
5.261
5.247
5.753
5.299
5.547
5.81
5.469
5.623
6.292
5.657
6.089
6.173
6.193
5.518
6.243
6.1
5.412
5.335
5.971
6.011
5.357
5.936
6.185
6.137
6.429
6.256
6.273
5.246
6.054
5.983
6.127
5.964
5.869
5.861
5.99
6.359
6.32
5.747
6.233
6.083
6.399
6.248
6.655
6.839
6.658
6.236
6.635
7.164
6.853
6.947
6.649
6.698
6.437
6.913
7.43
6.967
7.734
7.786
6.835
7.163
7.905
7.51
8.309
7.595
7.329
7.841
7.365
7.501
7.927
7.387
8.038
7.996
8.146
7.995
8.332
7.803
8.561
8.099
7.749
8.952
8.014
8.153
8.437
8.613
8.315
8.825
9.015
9.595
0.0
8.769
9.028
8.377
9.874
8.908
8.939
9.589
9.38
9.816
9.752
9.688
10.059
9.811
9.596
9.542
9.872
9.827
9.696
9.807
10.089
9.898
9.869
10.139
9.509
10.103
9.885
9.444
10.189
9.9
9.439
10.131
10.383
10.148
9.671
9.336
10.407
10.217
10.308
9.945
9.771
10.719
10.52
9.828
9.884
9.816
10.102
9.931
9.953
10.097
9.882
9.827
9.546
9.126
9.872
8.707
10.01
9.346
9.575
10.508
10.386
10.018
9.723
9.956
11.462
9.482
9.895
9.375
10.367
9.991
11.201
10.152
9.448
9.948
9.7
9.713
9.89
9.245
9.534
9.657
10.248
9.556
10.068
10.78
10.344
9.215
9.946
10.598
10.055
9.333
9.696
9.767
9.473
9.61
9.715
9.241
10.637
10.153
10.087
10.465
9.463
10.154
9.571
9.964
9.779
10.071
9.71
9.794
10.292
10.555
10.531
10.722
9.797
10.038
9.881
11.103
9.689
10.296
10.532
10.574
11.229
9.749
10.453
10.892
10.574
10.141
10.785
10.111
10.675
10.344
10.467
11.482
9.995
10.3
9.764
10.296
9.704
10.445
10.467
10.17
10.477
10.057
9.941
10.713
10.424
11.809
10.597
10.334
10.163
11.316
10.251
10.605
10.395
10.377
9.983
9.875
10.668
10.356
9.772
10.164
9.595
9.808
10.133
10.789
10.016
9.785
9.807
10.247
9.47
9.798
9.842
10.08
9.712
9.986
10.021
11.265
10.529
10.467
9.73
10.487
10.047
10.406
9.518
9.16
9.567
9.904
9.691
9.917
10.008
9.957
9.995
9.971
9.828
10.191
10.712
10.453
10.368
9.807
10.461
10.264
9.984
10.663
10.178
10.86
10.004
9.708
10.093
10.6
10.933
10.139
9.483
9.738
9.474
10.486
9.713
9.82
9.395
9.346
10.064
10.86
10.205
9.991
8.993
9.727
9.007
9.143
9.017
9.733
9.705
10.279
9.059
9.531
10.009
9.586
9.942
10.249
9.273
9.692
10.412
9.804
9.799
9.533
10.811
10.107
10.087
10.254
10.292
10.275
9.406
10.038
10.481
10.642
9.561
9.985
10.473
9.71
10.638
10.843
10.71
10.785
10.746
10.183
9.621
10.2
9.801
10.676
10.804
10.828
10.294
10.475
10.052
10.754
10.421
10.169
10.26
10.366
10.158
11.212
9.54
11.924
10.627
10.774
10.761
11.042
11.578
11.065
10.867
11.949
10.161
11.22
11.133
10.692
10.304
11.267
11.04
11.213
10.148
11.262
0.0
10.877
10.989
11.429
11.296
10.583
11.211
11.105
11.118
11.018
11.101
10.927
10.924
10.45
11.759
10.487
11.0
11.467
10.6
11.488
10.124
11.396
10.626
10.537
10.517
11.029
10.254
11.804
11.361
10.84
10.528
10.377
9.834
10.879
10.223
10.199
10.31
11.167
9.748
10.186
10.288
11.234
10.197
11.428
10.399
10.637
10.58
10.852
10.92
10.837
10.546
10.868
9.724
10.766
11.23
10.145
10.525
10.058
10.929
11.691
10.952
10.981
9.361
11.475
10.581
10.218
10.584
10.925
11.186
10.065
10.421
10.053
10.358
11.487
12.002
10.527
10.494
9.835
10.801
10.528
10.526
10.367
9.253
10.773
10.497
10.535
11.453
10.969
10.748
10.197
11.491
11.115
11.527
10.779
10.901
10.867
10.313
11.498
10.815
10.124
9.938
11.635
10.937
11.033
10.769
10.196
10.673
11.431
11.204
11.891
10.551
10.845
9.992
10.581
10.075
10.574
10.24
10.865
10.334
10.535
11.573
10.184
11.264
11.203
11.117
10.504
11.283
10.088
10.136
9.67
11.205
10.028
10.26
10.902
10.681
11.871
9.497
10.771
10.526
10.295
10.738
11.139
11.553
9.897
9.984
10.437
10.52
11.521
10.91
10.545
11.015
10.598
11.516
11.482
10.873
11.294
11.302
10.043
11.471
10.733
10.5
10.042
11.024
10.585
11.696
10.769
10.719
10.579
11.484
11.522
10.777
9.777
11.267
10.847
11.356
10.939
10.547
10.668
10.282
10.026
10.611
11.269
10.892
10.167
11.017
10.554
11.346
10.284
10.277
10.705
10.39
11.389
10.025
11.697
10.125
10.287
10.774
9.245
11.523
10.522
9.465
11.688
10.761
11.177
11.471
11.211
12.205
11.265
12.271
10.823
10.819
10.594
10.937
11.459
10.838
10.559
10.336
10.672
11.031
11.614
10.223
11.278
10.681
11.377
9.901
10.274
11.301
11.773
10.879
11.12
10.256
10.044
11.542
12.271
10.615
10.435
10.332
10.032
9.326
10.084
11.204
10.246
10.638
10.916
12.2
10.932
11.322
10.661
11.208
10.954
9.87
10.087
10.645
9.626
9.79
9.669
9.99
9.922
10.671
10.809
9.803
9.536
9.722
10.848
10.235
10.154
10.297
9.897
10.433
10.776
10.744
10.141
10.022
10.649
10.413
9.322
11.529
10.625
10.222
9.563
10.632
11.132
11.395
9.946
11.602
11.791
10.431
10.499
10.476
9.399
11.195
10.971
11.086
11.72
10.838
11.823
10.084
10.641
11.177
11.771
11.53
12.121
11.374
12.635
11.569
11.055
13.376
11.847
11.933
10.961
11.675
11.821
12.246
11.352
10.752
10.481
11.373
11.879
10.918
11.46
11.085
11.838
12.298
11.417
12.223
11.864
11.904
11.676
12.919
11.233
11.723
13.302
12.878
11.059
12.578
11.51
10.967
12.214
12.927
10.947
12.4
12.82
13.184
12.465
12.743
11.311
11.827
11.914
11.567
12.129
11.991
12.085
11.269
11.886
12.052
12.483
11.115
12.042
12.136
12.097
11.52
12.489
12.644
11.159
11.744
13.048
13.086
11.616
12.078
12.001
11.909
12.952
11.905
11.243
11.277
12.105
11.682
10.906
12.969
11.162
11.554
10.694
11.642
12.317
12.509
11.436
10.557
12.535
11.211
11.838
12.716
12.246
11.538
12.382
11.93
12.064
11.286
11.64
11.261
11.942
12.371
11.591
12.86
11.812
11.556
11.602
11.469
12.067
11.086
12.127
12.447
12.765
10.851
11.531
12.498
12.196
11.41
12.609
11.312
11.86
12.301
11.744
11.678
11.109
11.098
11.827
11.465
11.823
12.038
11.612
11.539
11.898
11.878
10.455
11.266
10.063
10.751
11.505
13.537
11.054
12.116
11.865
12.7
11.786
12.169
11.376
11.101
11.447
11.493
10.413
10.464
11.946
11.809
11.459
10.912
11.043
11.206
11.898
12.522
11.904
11.054
11.995
11.644
12.179
11.652
11.688
12.067
11.231
11.128
11.841
12.047
11.301
12.223
12.808
10.961
12.772
12.22
12.629
10.663
10.184
10.877
12.232
11.961
11.015
11.916
9.914
13.053
10.957
11.703
10.848
11.524
11.815
11.248
10.977
11.544
10.605
11.032
9.927
11.352
12.011
11.075
11.525
12.776
10.808
10.409
12.384
12.308
11.857
11.74
12.898
11.541
12.126
10.312
11.931
10.632
11.408
11.448
12.834
12.824
11.229
12.147
10.558
11.146
11.343
12.103
10.056
11.094
10.785
11.246
10.777
11.35
11.219
11.398
10.868
10.317
10.706
11.135
11.203
11.279
10.823
10.727
10.878
10.269
10.814
11.032
10.33
11.681
9.874
10.959
11.284
10.882
10.546
10.849
10.211
10.397
10.911
9.854
10.44
10.405
11.162
10.06
10.396
11.466
10.819
11.014
10.103
10.319
10.294
10.988
10.133
10.92
10.911
10.031
10.574
11.888
11.832
9.774
10.246
11.178
11.044
11.88
11.391
12.037
11.481
12.645
11.876
11.078
10.955
10.736
11.426
11.197
10.63
11.704
11.642
11.472
11.686
11.796
9.97
11.202
11.592
11.277
11.275
10.914
12.603
10.766
11.689
10.909
10.98
10.645
10.833
9.845
11.481
11.702
11.276
11.766
11.316
11.014
11.15
11.524
11.968
11.872
11.308
11.54
12.303
11.479
12.453
10.501
11.295
11.095
11.478
11.304
12.061
11.468
10.934
12.091
12.337
