-30.26
-16.25
-18.59
-12.1
-23.9
-0.42
-25.46
-17.28
-13.0
-15.07
-8.63
-18.19
-25.17
-16.88
-13.49
-8.6
-11.68
-27.49
-23.8
-30.74
-18.67
-20.86
-15.91
-8.23
-9.81
-5.75
-16.43
-13.12
-11.58
-2.17
-21.38
-9.85
-2.62
-10.5
-23.53
-10.74
-11.17
-14.75
-17.73
-8.57
-10.85
-7.32
-8.64
-25.13
-4.0
-9.2
-10.46
-12.15
-24.35
-17.58
-16.86
-3.23
-31.1
-2.75
-14.21
-15.99
-1.72
-5.72
-8.12
-10.87
-14.1
10.58
-8.19
-30.68
-14.44
-13.34
-3.3
-4.59
-9.16
-16.07
-11.52
-0.52
-24.37
3.18
-11.54
1.02
-31.34
-1.02
-23.2
1.59
-9.95
-5.38
-2.75
-17.25
-29.52
-11.12
-15.68
-13.94
4.69
-5.02
-8.23
-11.88
-30.11
-8.61
-8.03
-3.24
-17.15
-11.0
-19.5
-11.53
0.09
-2.36
-15.65
-11.86
-27.38
-12.33
0.56
-5.78
-14.07
-18.76
0.56
-19.71
-7.26
-11.77
0.01
-5.09
-17.33
-3.33
-2.39
3.31
-12.98
-17.06
1.41
-19.06
-14.65
-14.52
3.84
4.83
-12.77
-13.84
-15.96
1.49
-0.48
7.87
3.56
-11.71
-9.75
-28.47
-6.71
-3.83
-2.6
5.12
-12.07
-15.89
-9.66
13.06
-7.97
-5.02
2.03
-2.14
-2.3
-8.19
-10.6
-6.91
-2.43
-7.13
-11.23
-2.68
-10.43
2.4
-13.36
-4.25
1.17
-19.83
9.34
-15.48
-37.0
-18.07
2.71
-3.43
-4.01
-7.95
-3.1
-37.77
2.21
10.06
-4.16
-15.69
-21.76
-0.74
-6.3
-3.28
-4.66
-10.18
-14.97
-7.88
-16.07
-2.13
-0.14
-13.09
0.0
-16.32
-18.54
-12.9
3.75
-11.18
-8.63
-5.05
-17.13
-7.5
-2.27
-9.91
-9.37
-14.2
11.18
-5.09
-19.03
-0.16
-5.02
3.49
-8.57
-0.35
-14.4
-22.56
5.93
-11.45
-14.64
7.73
-1.36
-1.21
-13.77
-31.39
-8.18
-1.85
-9.06
-9.2
0.14
-1.85
14.2
3.94
13.49
-2.43
-14.34
2.05
0.58
-11.14
-10.13
-6.71
-1.59
-0.26
-13.12
9.31
2.91
-12.64
-6.05
4.97
-18.92
-6.56
2.88
-8.5
9.21
-17.09
-23.05
-3.01
3.31
0.29
9.72
-6.21
5.67
-5.27
-13.52
4.94
1.77
6.55
0.25
-2.53
-6.17
4.34
7.69
-1.69
-6.94
-12.26
-13.65
-0.08
-1.23
-5.69
0.02
11.19
-3.72
3.25
-5.01
-16.42
11.45
4.04
5.23
-7.73
-8.99
-9.11
8.15
9.23
9.34
-6.9
0.46
0.27
-11.65
-0.5
0.58
9.39
0.42
0.0
10.29
-2.8
11.53
-17.99
-7.03
0.42
-1.37
-2.22
-6.87
-13.85
-6.45
15.15
2.99
3.09
12.61
8.35
3.71
-0.13
-10.06
-0.56
10.3
-8.36
22.21
3.17
9.55
-10.46
4.89
-0.24
7.37
7.22
1.74
0.01
5.07
16.82
12.04
-0.71
-10.93
23.88
-19.76
-18.2
4.91
-0.8
11.95
9.62
-2.01
-2.2
3.81
3.91
6.73
14.06
13.02
-5.33
-9.06
-0.81
1.63
11.12
4.36
3.15
-4.28
-13.23
1.37
14.68
-14.88
18.68
-16.79
-7.94
0.03
-5.63
-12.42
12.04
17.18
15.46
1.62
8.55
6.23
-17.18
-7.58
-13.49
7.38
1.81
-11.68
2.49
-8.16
3.75
4.22
-5.56
5.33
-2.79
0.01
-9.32
4.26
7.09
-8.78
2.29
6.12
14.4
12.56
-0.52
-3.16
-3.21
1.36
16.74
-10.9
-5.14
24.47
8.98
10.85
2.07
22.96
4.37
6.15
-10.36
7.28
9.13
-14.92
18.51
-9.43
-8.44
-3.73
-3.05
0.37
-2.13
-8.58
2.74
13.15
-2.01
4.35
-2.44
-0.62
-15.71
-13.57
6.57
0.79
-0.11
-12.83
-3.85
8.37
-13.34
1.64
-4.78
-13.95
2.73
-11.13
11.08
0.01
8.13
-0.2
-25.16
-15.38
-0.21
-14.21
-23.01
-2.77
-8.96
3.09
-8.0
0.0
16.7
21.26
-10.56
-16.25
2.46
12.96
-0.37
1.31
3.89
-3.62
0.26
-6.15
-10.71
20.34
-2.69
-1.91
8.25
13.75
0.25
-6.6
0.31
-18.87
-5.04
-7.28
15.31
-4.6
-8.45
-11.36
-8.37
3.61
12.53
-13.57
-4.64
4.36
-10.13
0.01
-10.13
-6.74
-5.41
14.64
-10.27
-10.14
-5.47
4.51
1.93
8.54
8.99
-1.59
7.64
7.36
9.96
-10.29
5.46
-5.52
-18.18
-2.63
-12.71
3.06
18.0
17.47
-4.37
7.19
2.51
14.24
-12.57
-12.17
0.43
-0.68
1.24
5.54
-3.88
23.25
-5.6
6.09
-3.57
-0.02
14.01
-4.11
13.35
4.98
3.81
-0.66
-3.28
3.73
-6.52
-10.9
10.55
-1.24
-4.1
-7.12
18.54
0.06
13.31
1.98
2.86
0.48
-3.26
15.46
0.61
8.91
-18.26
-0.37
13.74
-1.84
5.99
-4.68
-6.36
-13.26
-3.08
10.37
0.09
18.08
19.02
-3.83
2.85
13.48
-7.61
0.9
4.69
-3.46
-1.34
-9.04
-1.62
3.49
3.22
3.14
-8.73
1.56
9.16
1.38
9.66
6.69
-0.8
0.73
21.09
-8.25
-0.44
3.55
-4.48
-3.01
-16.15
16.85
13.94
15.77
3.62
-18.36
8.31
0.06
6.31
12.04
9.44
-1.14
16.95
-0.37
20.79
10.39
21.93
-4.77
0.28
-5.21
10.81
1.3
-1.6
-0.01
-15.79
1.79
-13.34
-8.87
-10.55
18.79
-4.57
2.48
18.35
3.5
7.66
5.89
9.32
-5.65
-17.0
14.32
21.47
12.08
4.06
-8.96
16.48
10.28
17.78
2.74
5.2
2.87
12.04
1.02
2.98
-2.2
24.35
-0.64
30.11
14.64
-3.87
4.85
1.01
-1.23
16.85
-0.65
-3.63
6.43
12.47
-1.16
-12.09
22.05
5.04
-3.22
1.74
14.13
16.88
12.53
-5.76
22.32
5.52
18.23
-1.36
-1.45
20.8
13.01
2.93
-2.91
-0.22
9.92
13.06
0.55
15.92
9.73
1.13
10.22
13.82
0.01
7.08
-4.46
-0.58
-12.16
-6.91
-0.05
7.78
2.77
-0.87
1.84
6.54
-8.0
1.31
1.18
-6.47
13.68
-1.44
-2.08
-5.97
-10.98
-6.4
-0.17
20.34
23.36
8.84
6.58
16.71
10.51
2.46
3.38
9.75
-2.87
7.98
4.0
4.63
1.14
-13.01
-1.3
3.62
1.03
2.12
10.75
0.0
1.63
19.71
15.92
-0.42
3.66
2.5
-0.34
12.75
-11.32
3.87
15.03
12.44
-8.86
12.99
-14.64
13.16
0.71
-0.2
3.27
13.66
-3.07
2.65
-13.69
-11.57
4.64
16.87
3.33
0.0
2.83
1.64
6.66
-14.85
0.07
25.7
13.01
19.07
-4.28
-2.53
-1.22
25.36
0.5
-0.58
10.49
-7.0
20.68
10.24
1.29
6.27
9.69
0.49
-9.56
8.46
3.11
4.91
-2.98
-11.88
-2.93
0.37
0.34
0.64
11.61
0.7
16.9
17.85
-3.08
17.63
-6.67
-1.59
3.86
4.66
8.67
-6.92
5.38
2.46
12.15
17.45
3.26
11.32
8.5
5.75
10.6
4.45
22.11
0.0
16.36
22.3
0.1
2.0
5.5
4.38
5.54
5.74
8.32
-11.13
-1.67
5.68
5.61
-9.82
5.1
24.66
5.65
15.77
5.16
15.06
-0.11
18.65
-3.16
8.05
8.1
0.0
10.18
-0.68
-9.33
8.48
4.26
6.64
3.92
0.16
-0.29
10.17
-13.62
1.28
-1.1
-5.87
-4.26
-4.6
3.95
0.09
12.7
22.17
15.26
9.9
18.71
1.6
16.37
0.88
17.68
13.75
6.39
-1.34
-0.6
5.43
-1.4
-3.5
6.34
7.22
6.35
-6.21
-2.2
8.17
-12.2
5.35
-2.37
8.55
-1.89
6.48
23.22
10.15
15.87
12.29
21.82
4.98
-6.44
1.61
6.15
0.0
9.14
-0.28
2.08
6.46
-0.6
-3.13
7.21
9.91
1.16
7.91
-8.52
14.92
6.93
-11.47
5.84
5.89
-0.49
0.23
5.43
17.76
6.67
13.49
15.25
22.11
8.02
17.76
7.96
12.83
27.65
-3.17
-0.28
-4.7
-15.09
0.5
14.03
-5.27
3.04
6.42
6.79
-15.51
9.06
6.76
19.42
3.75
27.07
11.88
-4.59
25.74
22.85
3.26
7.0
17.26
10.39
13.09
5.74
4.83
8.1
17.92
9.88
13.67
4.24
-7.63
-4.75
11.96
-10.3
8.77
19.74
-21.27
1.32
11.86
2.69
18.04
9.48
20.61
-7.0
15.29
12.16
15.1
4.84
7.78
-11.9
-0.02
26.04
0.96
11.4
2.9
8.98
-0.21
4.9
-0.63
0.93
-10.09
9.44
16.15
8.63
9.09
0.93
2.52
-23.38
-29.24
-10.44
6.8
-5.11
-8.93
-11.95
-6.26
-18.82
0.78
-1.62
-14.84
0.0
-3.92
-10.68
-2.04
-9.48
11.56
0.0
-18.38
-3.36
4.2
-5.06
2.15
-3.56
-0.98
-7.38
-12.42
-12.13
-10.41
-11.41
-0.98
1.36
-14.05
0.0
-4.7
-5.82
-1.09
-3.37
2.88
1.38
-6.26
0.01
-7.86
6.39
1.31
-0.57
4.87
-10.13
-3.91
-7.47
-4.53
-4.83
9.9
-10.19
8.21
-4.42
1.14
2.69
-0.92
5.34
11.72
10.35
3.34
-0.4
-0.67
0.32
0.01
-15.12
-0.04
1.95
-10.53
1.13
6.12
-5.76
-14.09
12.69
5.61
4.65
-1.86
13.21
8.59
2.47
-20.53
1.92
1.84
-0.49
-2.2
-0.69
12.15
17.34
5.36
-2.33
-0.48
-11.3
8.73
15.1
4.39
8.61
6.55
-7.19
5.44
13.76
-2.82
12.19
5.1
5.51
-0.13
4.38
-0.65
-3.72
-0.17
-8.0
-0.62
3.87
8.25
16.66
3.22
-4.67
9.05
2.26
0.02
6.75
30.51
-8.88
-5.25
12.29
-4.42
-5.8
9.34
-1.19
8.25
13.26
-3.55
0.06
-0.8
-8.22
-12.39
0.32
9.64
-0.29
-0.13
-6.63
13.58
0.18
-5.62
-5.56
10.76
3.81
-6.83
-3.2
5.91
-0.61
5.15
8.77
-4.53
0.01
2.57
20.11
3.59
-5.96
-9.08
8.23
-5.63
4.04
11.49
17.28
-1.86
13.08
-1.08
1.24
-0.51
-3.53
-4.19
13.13
3.06
0.31
-3.57
8.85
9.82
4.23
-3.15
4.06
7.62
8.09
-1.53
0.09
16.04
-0.68
0.16
6.47
6.51
-4.59
3.75
-6.11
-0.97
5.42
1.08
-16.56
-2.98
11.86
22.33
-2.92
15.99
14.49
2.53
-0.86
11.76
11.71
-0.06
12.83
25.04
9.49
3.2
-1.28
0.52
-0.46
17.56
14.16
4.31
-2.91
-8.6
11.33
11.16
12.87
-7.24
17.75
1.9
7.24
-2.01
-2.93
-15.28
10.07
15.07
19.22
18.41
-12.58
-4.59
3.55
14.83
-17.23
-2.43
-14.47
0.49
-7.7
6.39
-7.1
13.47
-7.51
6.45
8.64
-11.98
7.49
0.77
-1.5
5.62
-0.83
6.74
0.48
21.37
10.73
5.96
3.61
1.0
7.29
9.64
5.39
-5.77
7.52
8.34
-3.03
-1.02
-2.53
16.0
-1.47
0.02
-16.4
16.06
-5.87
6.71
1.11
0.12
1.37
12.27
-8.76
-0.97
13.84
11.15
8.28
5.74
4.5
11.17
-10.97
17.86
11.32
-2.7
17.45
11.78
9.18
-0.32
5.77
-8.09
-6.81
12.92
12.38
1.61
-5.54
18.65
9.64
1.21
3.7
17.21
5.78
-7.69
-3.76
10.21
0.01
5.21
13.52
-11.89
0.92
2.78
19.51
13.29
-3.71
14.34
0.42
0.01
21.89
-10.26
19.62
2.36
-11.85
14.56
9.94
16.91
17.83
15.65
-0.01
20.78
5.47
25.16
3.44
25.21
14.46
22.58
4.4
-0.23
8.73
7.0
5.05
7.71
12.62
-1.29
3.7
-6.05
9.21
4.62
4.79
2.63
-2.11
20.93
-0.88
0.29
0.85
4.31
10.11
19.75
24.93
-10.02
20.52
17.99
2.27
16.21
7.83
-10.29
10.95
2.56
-2.61
-8.73
9.2
-6.69
25.74
-11.84
4.01
6.11
5.96
-3.07
2.8
-1.88
23.74
-4.36
1.45
10.93
-11.44
17.62
-0.33
14.18
11.34
-3.42
7.16
11.62
20.08
4.76
17.55
6.16
-0.47
9.44
-1.54
0.01
6.74
18.03
2.73
-4.31
9.34
10.52
18.44
1.54
-0.17
-4.5
23.99
11.16
-5.29
4.42
3.05
10.67
0.19
4.21
14.84
24.98
20.24
2.8
1.56
0.42
6.35
-0.11
10.02
3.92
4.67
19.04
12.04
11.89
1.23
10.2
-13.23
6.36
18.79
4.2
12.55
14.08
22.82
18.14
5.62
9.44
9.04
20.09
12.13
-9.23
1.11
-1.54
17.33
-1.9
2.83
14.88
16.89
12.06
-1.04
22.16
5.44
14.77
1.22
9.67
8.44
14.53
-7.42
8.76
14.32
2.76
19.42
0.82
10.46
8.57
18.16
22.67
-7.15
12.65
-4.06
13.16
4.2
7.29
-8.34
14.04
-0.62
17.31
12.0
5.81
23.72
-4.5
5.72
10.13
-9.61
26.35
14.81
20.07
10.03
1.95
21.78
9.35
6.57
7.95
24.86
-17.85
21.03
31.27
20.02
9.24
-0.03
21.38
1.13
-2.84
5.66
7.69
16.44
14.63
12.18
2.48
0.94
22.07
-1.11
0.16
10.49
16.85
9.09
0.22
17.09
12.69
0.95
0.23
19.45
3.13
14.15
17.19
2.09
16.99
10.14
3.39
0.97
4.41
2.54
3.09
8.74
-0.23
4.35
5.43
10.67
14.82
9.79
23.71
14.29
21.79
5.35
-6.22
-1.65
5.46
7.45
-14.29
24.83
14.08
29.01
19.3
5.25
24.16
18.91
4.11
10.21
6.15
20.42
28.31
1.55
6.68
-10.23
17.52
21.73
0.72
3.09
6.89
5.71
8.85
-4.05
9.33
-1.14
13.0
13.23
19.74
1.31
0.28
-12.12
1.45
-5.42
15.99
20.63
10.94
2.64
21.78
0.99
12.55
-8.93
-13.46
-0.24
25.26
3.21
14.34
14.56
-10.34
9.28
23.77
3.47
26.54
15.81
4.73
-0.42
23.78
-0.7
3.24
3.86
2.27
6.49
3.87
-1.24
2.7
15.1
6.69
3.19
22.47
16.63
13.92
-3.3
19.27
25.01
2.26
16.65
0.65
5.79
3.44
-2.76
1.55
11.51
7.89
7.41
0.67
-15.24
6.68
25.86
14.34
16.36
2.79
9.91
8.61
5.25
21.59
8.49
11.74
0.7
11.25
26.38
11.67
10.41
22.37
3.62
9.33
22.78
4.84
18.89
14.41
31.68
8.29
-2.18
8.77
0.18
13.75
19.9
17.25
6.0
15.49
4.07
-5.67
3.89
1.33
8.25
15.95
12.87
3.33
7.4
-7.8
8.97
21.73
4.18
9.37
8.78
-0.12
1.52
2.95
2.87
26.7
10.32
21.96
4.88
2.78
7.88
14.58
3.63
-1.74
25.37
19.73
7.87
7.86
24.61
7.68
3.87
27.51
13.18
10.84
12.99
24.46
9.65
3.41
6.8
21.37
10.81
25.66
13.17
7.65
9.46
17.63
1.12
-0.39
24.24
0.59
14.88
4.5
5.46
9.67
0.94
20.38
7.22
2.26
3.36
7.19
8.23
28.13
18.71
18.47
19.57
6.65
12.81
21.64
21.64
14.71
19.99
7.23
19.74
11.54
12.93
21.96
9.5
-1.27
16.95
-0.36
29.33
11.77
6.88
11.09
11.11
10.67
10.54
20.58
18.36
4.82
9.66
24.23
7.03
17.01
18.13
8.8
5.73
13.14
20.26
10.29
0.54
23.98
7.69
-0.69
16.78
7.97
5.55
15.36
-0.17
3.99
-1.85
-0.12
12.31
8.91
-18.32
2.51
-4.54
10.14
0.68
7.68
13.42
-20.0
24.18
15.2
20.04
11.19
5.84
6.83
-0.25
9.98
3.59
15.2
21.19
0.89
24.29
19.88
12.67
14.66
3.63
2.43
24.04
6.23
10.16
8.87
4.49
2.33
28.43
21.12
21.16
1.26
13.98
1.9
3.53
-0.28
8.58
24.11
2.26
10.09
17.03
5.31
17.35
6.12
23.09
15.3
14.13
24.69
5.0
23.05
10.91
-0.11
14.73
17.93
4.33
-0.27
0.0
11.31
12.17
11.8
15.3
9.04
5.25
2.4
11.48
12.27
-0.84
19.69
11.33
9.71
22.46
-2.71
28.21
14.15
-7.72
21.9
8.59
7.43
7.3
23.63
0.01
8.42
-9.32
10.39
19.64
26.34
26.44
12.66
10.75
13.72
18.54
21.07
10.98
15.82
22.22
17.09
9.09
-0.26
-1.91
22.66
20.56
13.05
-2.39
25.44
21.22
27.77
3.19
2.81
0.0
11.23
0.0
11.43
-0.54
14.98
-7.63
3.09
7.99
-3.94
14.9
6.53
-12.05
20.01
-0.05
6.74
8.61
5.22
25.13
0.01
5.05
1.53
5.68
7.23
8.91
24.88
17.31
20.18
17.11
19.75
22.45
7.83
0.0
1.52
11.4
3.76
14.61
-13.36
18.57
25.41
10.18
3.04
11.7
2.09
17.64
29.03
10.05
1.84
19.25
-11.81
3.27
11.67
22.04
-1.87
16.0
21.63
4.58
15.99
9.99
2.0
26.49
6.44
16.09
-13.07
16.83
5.88
5.9
4.64
0.18
4.54
6.22
16.38
14.41
4.48
15.47
22.84
7.99
18.33
27.42
10.28
4.62
3.79
5.67
23.72
15.45
4.97
