4.63
0.084
0.183
0.315
0.701
3.208
0.545
0.816
0.234
0.269
0.384
0.179
0.531
0.388
0.298
0.594
0.382
0.122
0.105
0.249
2.141
0.187
0.272
0.746
0.267
0.594
0.327
0.505
0.814
0.525
0.678
0.157
0.524
0.524
0.275
0.32
0.677
0.651
0.115
0.667
0.393
0.565
0.201
0.227
0.236
0.31
0.602
0.54
0.149
0.393
0.506
2.643
0.21
0.321
0.32
2.141
0.117
0.172
0.374
0.822
0.89
0.212
0.134
0.611
0.14
1.081
0.106
0.2
0.24
0.605
2.927
0.143
1.169
0.294
0.306
0.225
0.343
0.487
0.074
0.23
0.256
0.637
0.468
0.38
0.791
0.566
0.195
0.194
0.106
0.16
0.217
0.421
2.493
0.271
0.332
0.292
0.575
0.624
0.31
0.221
0.437
0.346
0.257
0.126
0.176
0.116
0.267
0.395
3.161
0.123
0.388
0.181
0.506
1.364
0.298
0.486
0.129
0.133
0.263
0.194
0.159
0.265
0.568
0.183
0.329
3.898
0.594
0.199
0.219
1.874
0.121
0.285
0.402
1.472
0.395
0.256
0.127
0.243
0.245
0.569
0.529
0.227
0.581
0.367
0.426
0.18
0.175
0.679
2.168
0.499
0.245
0.5
0.526
0.48
0.193
3.959
1.757
0.376
2.105
0.627
1.09
0.125
0.512
1.092
0.116
0.109
0.193
0.184
0.168
0.119
0.467
1.33
0.438
1.995
0.262
0.266
0.166
0.911
0.75
0.152
0.164
0.42
0.176
0.594
1.542
3.206
2.794
0.277
0.142
0.515
0.0
0.27
0.141
0.141
0.368
0.115
6.017
0.509
0.374
0.809
0.39
0.482
0.248
0.476
0.376
0.952
0.567
3.584
0.514
0.464
0.135
0.241
0.456
0.395
0.265
0.35
0.082
0.983
0.347
0.355
0.684
0.442
0.639
0.304
0.433
1.137
3.216
1.156
0.161
0.285
0.265
0.557
0.198
0.417
0.256
0.271
0.211
0.261
0.14
1.053
0.277
0.496
0.466
0.351
1.559
0.735
0.286
0.345
0.709
1.557
0.738
0.909
0.442
0.741
0.266
0.222
0.229
0.782
0.243
0.313
0.207
0.399
2.642
0.551
0.194
0.337
1.61
0.583
0.33
0.163
0.204
0.273
0.256
0.414
0.27
0.24
0.188
0.285
0.358
0.166
0.378
0.14
0.366
0.671
0.152
0.215
0.532
0.689
0.103
0.163
0.38
0.188
0.198
0.157
0.179
0.438
1.093
1.123
0.219
0.0
2.74
0.302
1.223
0.831
0.29
0.203
0.162
0.136
0.223
0.227
0.222
0.213
0.262
0.169
3.997
0.209
0.873
0.198
0.206
0.136
0.293
0.414
0.526
0.436
0.451
0.461
0.204
0.448
0.245
1.766
0.139
0.435
0.356
0.197
0.701
0.177
0.52
0.654
0.44
0.258
2.729
0.166
0.134
0.357
0.664
0.145
2.582
0.183
0.345
1.595
0.269
0.338
0.433
0.171
0.521
0.161
0.171
0.8
1.177
0.246
0.295
0.413
0.189
0.481
0.164
0.381
1.874
0.232
0.196
0.866
0.215
4.71
0.374
1.603
0.407
2.478
0.661
0.473
0.327
0.411
0.478
0.153
0.474
0.534
0.362
0.183
0.413
0.408
0.512
0.173
0.447
0.307
0.446
0.299
1.0
0.293
0.697
0.337
0.266
3.752
0.244
0.397
1.139
0.48
0.216
0.54
0.389
0.906
0.634
0.3
0.673
0.414
0.242
0.502
0.119
0.374
0.312
0.253
1.62
3.179
1.33
0.281
1.881
0.438
0.321
0.8
4.39
0.442
0.253
0.217
0.229
0.251
0.167
0.443
0.656
0.758
0.465
0.418
0.144
2.544
0.342
2.501
0.73
0.223
0.279
0.358
0.274
0.209
0.236
2.215
0.169
0.366
0.327
0.364
0.458
0.322
0.0
7.91
0.178
0.264
0.659
3.695
0.369
2.236
0.184
0.462
0.212
0.392
0.295
0.165
0.849
0.771
0.121
0.406
0.234
1.271
0.155
0.223
0.307
0.305
0.693
0.413
0.581
0.446
7.247
0.207
0.4
0.219
0.314
0.732
0.329
0.764
0.287
0.301
0.163
0.632
1.119
0.281
0.184
0.25
0.618
0.775
0.343
4.557
0.374
0.227
2.791
0.461
0.377
0.383
0.346
0.298
0.684
0.393
0.279
0.479
0.723
0.228
0.535
0.794
0.359
0.633
0.363
0.421
0.316
0.171
0.641
0.234
1.718
0.361
0.331
1.431
0.379
1.451
0.437
0.81
1.15
0.804
0.205
1.064
2.814
0.57
0.45
1.65
0.631
1.984
1.672
1.084
0.152
0.398
0.411
0.331
0.427
1.927
0.504
1.0
0.776
0.204
0.401
0.205
0.398
0.299
0.313
0.502
0.433
0.482
0.76
1.852
0.88
1.099
0.745
0.433
0.201
0.385
0.959
0.646
0.243
0.264
0.342
0.293
0.427
0.188
0.344
0.597
0.37
0.271
0.301
0.251
0.364
3.132
0.249
0.453
0.666
0.46
0.125
0.381
0.958
0.753
0.373
0.256
1.02
1.689
2.003
0.696
4.09
2.597
0.304
0.3
0.534
1.081
2.292
0.35
0.227
0.311
0.687
0.514
2.65
0.405
2.208
0.696
0.463
0.539
0.419
0.468
0.429
0.464
0.349
4.166
0.447
5.392
0.452
0.193
0.616
0.447
0.233
0.43
0.477
0.815
0.476
0.509
0.944
2.411
0.643
0.226
0.94
4.852
0.529
1.845
0.479
3.978
0.198
0.313
0.489
0.473
0.108
0.653
0.43
0.342
0.181
0.409
0.202
0.504
0.184
1.888
1.089
3.881
0.343
0.131
2.631
0.351
0.205
0.412
3.252
0.402
0.318
0.5
0.586
1.813
0.2
0.306
0.581
0.452
3.687
0.576
0.409
0.839
0.403
2.101
0.307
0.764
0.664
0.559
0.313
0.585
0.291
0.316
0.304
0.622
1.902
1.049
0.265
0.449
0.377
0.641
0.582
0.461
0.397
0.225
0.912
0.733
0.469
0.578
0.23
0.819
0.579
0.726
0.727
0.152
0.552
0.617
0.843
0.475
1.061
0.413
3.695
0.198
0.478
0.389
0.739
0.209
0.281
0.581
0.8
0.701
0.536
0.0
0.572
0.486
1.192
0.731
0.375
0.685
0.35
0.312
0.247
0.401
0.427
0.747
0.251
0.499
0.393
0.319
0.193
0.299
0.831
0.264
0.425
0.502
0.596
0.379
0.999
0.434
2.305
0.0
0.277
0.582
1.095
0.626
0.95
0.326
0.268
0.606
0.473
0.431
0.464
0.52
0.299
0.629
0.407
0.198
0.427
0.525
0.309
0.63
0.259
0.312
0.739
0.322
0.362
0.248
1.117
0.88
0.64
0.336
1.302
0.838
0.484
0.566
0.212
0.772
0.604
0.57
0.26
0.317
0.837
0.402
2.636
0.473
1.233
0.253
0.436
0.29
0.424
1.614
0.437
0.38
0.503
0.444
0.097
0.0
0.627
0.412
0.735
0.781
0.36
0.955
0.911
1.329
0.881
1.907
0.822
0.585
0.666
1.748
0.305
0.593
0.303
0.407
0.175
0.577
0.344
1.583
1.152
0.234
0.178
0.0
0.317
0.499
0.651
0.725
0.785
0.54
0.985
2.061
0.314
0.467
0.209
0.693
0.356
2.306
0.437
0.987
1.36
0.701
0.239
0.418
1.178
1.772
0.245
0.457
0.599
0.319
0.23
0.245
0.525
0.499
0.31
0.718
2.289
0.611
0.317
0.464
0.274
0.469
0.334
0.453
0.404
0.448
0.25
3.125
0.795
0.446
0.747
0.835
0.492
0.354
2.399
0.311
1.032
0.673
0.973
0.0
0.273
0.42
0.529
0.385
0.605
0.502
1.187
0.898
0.297
0.542
0.486
0.207
4.732
0.438
0.539
0.146
3.059
0.536
0.437
0.344
0.769
0.376
0.234
0.46
1.025
0.592
0.511
0.374
1.61
0.307
0.511
0.77
0.222
1.628
0.389
0.32
0.394
0.321
0.674
0.604
0.451
0.489
0.319
0.607
0.136
0.456
0.339
0.577
1.48
0.5
1.287
0.54
0.948
1.075
0.71
0.684
0.562
0.412
1.059
0.668
1.034
0.614
0.5
0.413
0.51
0.795
0.219
0.407
0.529
1.474
0.352
0.731
0.685
2.082
2.393
0.664
0.65
0.545
0.369
0.251
0.297
0.438
0.188
1.83
2.004
0.719
0.243
0.316
0.505
0.394
0.404
0.34
0.22
0.753
0.191
1.575
0.158
0.56
0.588
1.811
0.439
0.235
0.104
3.051
0.331
0.056
0.292
0.142
0.368
0.27
0.0
0.045
0.434
0.067
0.11
1.012
1.434
0.182
0.339
0.131
0.062
0.28
0.578
0.185
0.947
0.191
0.287
0.277
0.141
0.513
0.205
0.171
0.273
0.281
0.424
0.107
1.577
0.263
5.347
0.267
0.58
0.271
2.574
1.855
0.804
0.122
0.622
0.304
1.116
0.306
0.461
0.244
0.061
0.208
0.514
0.348
0.274
0.575
0.197
0.382
0.29
0.259
0.156
0.301
0.388
0.475
0.177
1.941
2.214
0.586
0.298
0.53
0.529
0.31
1.351
0.408
0.7
0.199
1.259
0.595
0.271
0.297
0.224
0.142
0.198
0.365
0.62
0.314
0.595
0.28
0.26
0.269
0.204
0.359
0.428
0.214
0.679
0.742
0.414
1.263
0.185
0.245
0.139
0.631
0.317
0.421
0.277
0.139
0.492
0.83
0.368
0.315
2.611
0.308
1.695
0.594
0.531
0.311
0.309
0.532
0.249
0.609
0.421
0.48
0.255
0.31
0.673
0.651
0.309
0.747
0.291
0.604
0.346
0.937
0.297
0.35
0.391
0.576
0.155
0.658
0.843
0.307
0.533
0.359
0.379
0.325
0.202
0.518
0.982
0.392
0.568
1.381
0.792
0.24
0.554
0.43
0.257
0.528
1.002
0.192
0.552
0.28
0.697
0.348
0.166
0.318
0.288
0.344
0.478
0.85
0.38
0.231
1.42
0.341
0.251
0.383
0.546
0.384
1.391
1.406
0.283
0.972
1.801
0.465
0.73
0.757
1.843
0.348
0.554
0.36
0.56
0.372
0.507
0.468
0.325
3.304
0.426
0.23
0.838
0.462
0.345
0.876
0.447
0.785
0.424
0.35
0.525
0.273
0.286
0.743
0.162
0.825
3.669
0.557
0.436
0.774
0.514
0.902
1.037
0.455
0.597
2.355
1.066
0.98
0.354
0.748
0.309
0.127
0.611
0.449
0.181
0.369
0.503
0.237
0.616
1.031
3.121
0.345
0.789
0.481
0.364
1.755
0.474
0.42
4.282
0.258
0.695
0.205
0.403
0.614
0.795
0.507
0.296
0.664
0.299
0.38
0.212
0.647
2.872
0.372
0.257
0.365
0.313
0.218
0.418
0.325
0.664
0.19
0.427
0.71
0.587
2.423
0.468
1.203
0.525
0.803
0.405
0.884
0.451
0.312
0.198
0.342
0.599
0.141
0.926
5.637
0.543
1.077
0.311
0.512
0.817
0.321
1.694
0.135
0.505
0.598
0.306
0.766
0.372
0.705
4.327
0.249
0.236
0.394
0.342
4.398
0.306
1.571
1.714
0.265
0.159
0.621
1.728
0.535
0.186
0.707
2.857
3.065
5.348
1.744
0.258
0.207
0.564
0.947
0.496
0.811
0.472
0.278
0.749
0.387
0.694
0.237
0.971
0.311
0.593
0.685
0.693
0.169
0.298
2.551
0.303
0.239
0.658
0.527
2.359
0.408
1.327
0.465
0.559
0.298
0.251
0.485
0.678
3.906
0.437
2.136
0.327
1.942
0.832
0.412
0.265
0.273
0.252
0.376
0.733
0.407
0.681
0.286
0.455
0.502
0.622
0.352
0.514
0.656
0.855
0.275
0.976
0.382
0.639
0.557
2.361
0.242
0.36
0.473
0.942
0.482
0.439
0.487
0.179
0.812
0.307
0.459
0.46
0.715
0.605
2.028
0.294
0.453
0.62
0.32
0.19
0.588
0.352
0.222
0.922
0.937
0.688
0.44
0.444
0.656
0.349
0.515
0.565
0.585
0.52
0.473
0.445
0.285
0.424
0.399
0.595
0.763
0.575
1.014
0.332
0.276
0.469
0.669
0.552
1.144
0.863
0.159
2.17
0.423
1.695
0.513
1.55
0.226
0.31
0.429
0.301
0.566
0.623
0.503
0.517
0.594
0.592
0.26
0.62
0.564
0.803
0.58
2.697
1.078
0.335
0.358
3.111
0.369
0.305
0.618
1.295
1.235
6.024
0.79
0.976
0.922
0.63
0.757
0.541
0.626
0.486
0.642
3.514
0.703
0.729
0.498
0.324
0.284
0.307
0.487
0.413
0.38
2.176
0.486
1.228
0.811
1.645
0.723
0.676
0.752
0.256
0.716
0.817
0.864
0.744
0.55
0.856
4.956
0.686
0.137
0.518
0.37
0.364
0.575
0.25
0.915
0.265
0.331
0.398
0.75
0.63
1.633
0.451
0.314
0.507
0.34
0.364
0.351
0.21
0.431
0.657
0.174
2.027
0.472
0.844
3.266
0.588
1.217
1.523
0.542
0.683
3.595
0.53
0.369
0.189
0.853
0.299
0.953
0.63
0.551
0.927
0.555
0.534
0.643
0.466
1.236
0.492
0.521
0.247
0.283
0.206
1.215
0.804
0.542
0.943
0.957
0.651
0.974
0.691
2.412
1.422
0.634
1.251
0.525
1.692
0.401
0.713
0.345
0.772
0.375
1.045
0.167
0.91
0.441
0.406
0.273
0.408
0.24
0.609
0.409
0.561
0.396
2.607
0.672
1.134
0.364
0.525
2.28
0.359
0.745
0.73
0.466
0.368
0.448
0.43
1.495
0.293
0.576
0.511
0.306
0.313
0.415
1.429
0.574
0.601
1.592
1.119
0.361
0.613
0.946
0.694
0.453
0.735
0.944
0.411
0.27
0.816
0.76
1.257
0.707
0.658
1.276
0.598
0.684
0.229
0.862
0.267
1.077
0.237
0.53
0.412
0.484
0.889
0.666
0.665
0.704
0.502
0.695
0.446
0.682
0.497
0.524
0.661
0.647
0.534
0.779
0.948
0.234
0.384
0.123
0.547
0.646
1.6
1.102
0.294
0.586
0.445
1.914
0.648
5.46
2.298
0.479
1.859
0.524
0.552
0.764
1.326
1.339
0.74
1.761
0.956
0.461
0.22
0.394
1.85
0.695
0.349
0.441
0.461
0.851
0.345
0.287
0.346
0.339
1.351
3.521
0.36
4.069
0.362
0.291
0.495
0.841
0.915
0.425
1.514
0.607
1.197
0.705
0.5
1.562
1.613
3.028
0.429
0.482
0.549
0.222
2.921
2.589
0.873
0.636
0.191
0.681
1.414
0.096
0.621
0.436
0.654
0.613
0.63
0.402
0.275
0.351
0.806
1.021
0.688
0.566
0.32
0.522
1.961
0.511
0.372
0.258
0.659
0.539
0.983
0.439
0.307
1.549
0.458
0.548
0.494
0.768
0.963
0.483
2.487
0.432
0.219
1.207
0.729
0.77
1.471
0.167
0.645
0.477
1.242
0.49
0.551
0.844
0.686
3.772
1.542
0.345
0.317
0.403
0.161
1.01
0.476
1.943
0.326
0.679
0.92
0.609
0.455
0.508
0.474
0.646
1.461
2.539
1.521
0.371
0.401
0.897
1.527
0.898
0.536
0.656
1.633
0.535
0.869
0.716
0.206
0.287
1.313
0.408
0.839
2.424
0.433
0.617
0.625
0.531
0.355
0.477
0.897
0.282
0.509
0.851
0.767
0.336
0.995
1.138
0.375
0.648
0.505
1.818
0.779
1.216
0.284
0.277
1.506
0.476
1.006
0.438
1.179
0.467
4.362
4.244
0.27
0.24
1.003
0.767
0.482
0.628
0.332
1.066
3.967
0.425
0.608
0.375
2.186
0.461
3.899
0.494
0.228
0.679
2.47
0.662
1.934
0.398
0.439
0.242
0.395
0.329
0.302
0.5
4.732
0.377
0.259
0.999
0.476
0.322
0.0
1.458
0.334
0.25
0.346
0.609
0.418
2.722
0.572
0.422
0.787
0.715
0.38
0.598
0.332
4.37
1.778
0.335
1.282
0.422
0.476
0.654
0.515
1.7
0.474
0.287
0.276
1.234
0.457
0.349
0.3
0.511
0.4
0.975
1.122
0.821
0.506
0.492
0.896
0.735
1.464
1.526
0.274
1.918
0.723
2.925
0.867
1.248
0.238
0.79
1.014
3.04
1.356
0.558
1.095
0.281
0.862
1.827
0.597
0.32
3.013
1.338
0.334
0.762
0.614
0.735
0.472
1.444
0.58
0.345
0.69
1.043
1.338
0.828
0.89
4.281
1.197
2.143
0.343
0.602
0.621
0.707
0.468
0.895
0.0
0.767
0.862
0.526
1.898
0.443
0.443
0.888
0.936
0.359
0.923
0.633
1.942
1.694
0.478
0.763
1.651
0.885
1.396
1.345
1.6
0.416
1.159
1.915
0.67
0.376
0.172
1.686
1.316
2.277
0.744
0.235
1.404
0.733
0.44
1.395
0.67
0.691
1.227
1.172
0.594
2.134
3.908
0.951
1.59
0.903
1.466
0.375
0.548
1.702
0.664
0.753
0.489
2.076
