19.992
12.105
4.967
4.497
3.262
2.327
3.187
1.849
1.494
-0.466
-0.693
-0.279
-0.453
-1.013
-2.058
-2.212
7.559
-1.162
-1.273
-2.198
-0.3
-1.941
-1.829
-3.616
-1.88
-3.521
-3.225
-3.515
-5.249
-7.953
-5.752
-8.15
-2.818
-2.338
-2.006
-2.631
-3.527
-3.405
-2.03
-3.198
-0.909
-2.498
-2.884
-3.371
-3.252
-4.046
-2.214
-2.962
-2.602
-2.214
-3.137
-1.938
-2.878
-3.022
0.267
-2.718
-3.168
-6.738
-1.356
-2.514
-2.858
-2.251
-2.453
-2.716
-3.261
-2.291
-2.553
-2.253
-3.188
-1.887
-1.923
-1.494
-2.59
-2.404
-1.75
-1.943
-1.237
-1.881
-1.651
-1.858
-1.042
-1.222
-1.004
-1.815
-1.934
-0.524
-1.151
-0.911
-0.95
-1.363
-1.2
-0.772
-0.372
-1.53
0.942
-2.132
-3.393
-1.033
-0.522
-0.071
-0.036
-0.636
4.756
0.252
0.446
-0.2
0.831
-0.034
0.686
0.078
-0.224
-0.051
0.291
6.43
1.26
1.201
0.842
0.948
0.427
2.269
1.235
1.316
-0.887
1.058
1.536
1.38
0.896
1.563
1.788
0.87
1.24
1.593
0.507
2.884
1.779
1.469
1.287
1.998
1.325
2.006
1.665
2.382
1.811
2.764
2.744
-0.001
3.008
2.105
1.507
1.632
2.082
0.347
3.048
2.539
2.133
2.752
3.927
2.035
5.277
3.564
4.339
2.588
2.52
2.401
2.893
2.814
2.57
0.889
2.818
3.486
2.93
2.336
0.661
0.679
3.18
3.396
2.624
3.217
3.214
4.079
0.905
3.106
3.452
3.089
3.326
2.97
2.964
3.199
4.113
3.626
4.367
3.921
3.718
3.054
3.645
3.772
3.639
5.287
3.425
3.664
2.108
4.113
3.969
3.973
3.52
4.134
4.0
3.749
5.067
4.14
3.726
5.416
3.663
4.078
4.282
5.602
3.617
4.102
3.407
3.84
3.638
2.872
4.635
3.941
3.503
3.669
3.757
4.097
4.521
4.263
2.472
4.831
5.008
4.837
2.336
4.543
4.769
4.48
4.615
5.017
4.133
3.741
3.744
4.24
4.477
4.203
3.992
3.117
4.779
2.731
4.276
4.381
4.326
4.056
4.283
4.523
4.839
4.126
5.365
4.22
4.927
4.194
4.431
4.534
4.089
4.012
2.815
4.52
4.675
4.985
4.722
4.504
4.283
4.904
5.045
4.158
4.557
4.541
4.103
4.569
4.598
4.16
4.432
4.51
4.747
4.487
4.302
4.742
4.384
3.891
4.7
2.374
4.833
4.411
4.409
4.369
4.527
4.349
4.313
4.172
4.6
4.387
4.906
4.812
4.692
4.457
4.258
4.617
4.535
4.411
5.378
4.196
3.936
3.775
4.583
4.308
4.579
4.39
4.049
4.101
4.367
4.147
3.918
4.044
3.697
3.974
2.172
4.112
3.944
3.716
3.81
3.879
3.497
3.576
3.382
3.401
3.802
2.786
4.035
3.776
3.516
3.368
3.805
3.442
3.374
3.307
3.286
3.559
3.546
3.153
3.07
3.123
3.248
3.156
3.614
2.761
3.021
3.021
2.781
2.919
2.79
2.683
3.115
2.637
2.471
2.9
2.696
2.522
2.627
2.455
2.457
2.563
2.236
2.366
2.471
3.127
1.343
2.873
2.198
2.074
2.379
2.628
2.27
2.339
1.428
2.276
1.977
2.203
2.377
2.282
2.468
1.968
2.065
2.264
2.048
2.0
1.825
2.286
1.393
1.88
2.023
1.825
1.632
2.0
1.868
1.725
1.698
1.127
1.766
2.033
1.688
1.414
1.805
1.763
1.734
1.448
1.53
1.444
1.106
1.647
1.552
1.595
1.257
1.788
1.666
1.46
0.975
1.399
1.582
1.728
1.578
1.551
1.778
1.186
1.438
1.851
2.905
1.553
1.455
1.275
1.347
1.325
1.312
1.097
1.308
1.383
1.231
1.058
1.189
1.241
1.274
1.297
1.282
1.076
1.099
1.308
1.124
1.306
1.193
1.205
1.167
1.317
1.196
1.106
1.377
1.144
1.131
1.326
1.073
1.053
1.04
1.157
1.114
0.965
0.826
0.936
1.031
1.397
1.101
1.157
1.03
1.337
1.106
0.916
1.068
0.909
1.043
0.924
1.087
0.938
0.953
0.89
0.891
0.648
0.742
0.737
0.868
0.875
0.919
0.764
0.875
0.971
0.742
0.727
0.766
0.776
0.739
0.827
0.819
0.502
0.723
0.958
0.859
0.88
0.735
0.762
0.847
1.023
0.759
0.761
0.971
0.916
0.663
0.798
0.743
0.739
0.681
0.676
0.676
0.621
0.569
0.604
9.48
0.799
0.782
0.812
0.796
0.679
0.626
0.682
0.405
0.241
0.761
0.681
0.743
0.656
0.861
0.827
0.619
0.76
0.772
0.723
0.838
0.784
0.439
0.574
0.734
0.56
1.262
0.891
0.856
0.843
0.789
0.72
0.784
0.877
0.924
0.608
0.854
0.828
0.692
0.767
0.56
0.811
0.84
0.623
0.571
0.792
0.833
0.792
0.771
0.803
0.394
0.789
0.709
0.751
0.752
0.784
0.745
0.756
0.833
0.737
0.805
0.72
0.775
0.751
0.721
0.634
0.832
0.856
0.734
0.732
0.76
0.716
0.698
0.803
0.715
0.81
0.769
0.571
0.803
0.805
0.786
0.703
0.74
0.776
0.642
0.847
0.998
0.767
0.883
0.869
0.889
0.807
0.841
0.754
0.878
1.045
0.987
0.87
0.723
0.925
1.035
0.848
0.836
0.649
0.827
0.839
0.906
0.979
0.983
0.881
1.024
1.033
1.016
0.933
1.005
0.987
0.834
0.965
0.836
1.025
0.748
0.592
0.81
0.73
0.71
0.776
0.804
0.739
0.698
0.858
0.828
0.911
0.701
0.769
0.811
4.926
0.71
0.811
0.822
0.707
0.742
0.743
1.214
0.549
0.849
0.908
0.914
0.773
0.848
0.76
0.811
0.433
0.692
0.685
0.658
0.685
0.415
0.673
0.716
0.589
0.626
0.667
0.685
0.712
0.645
0.737
0.599
0.665
0.547
0.624
0.557
0.66
0.614
0.487
0.596
0.632
0.639
0.574
0.672
0.567
0.377
0.572
0.466
0.628
0.67
0.622
2.078
0.529
0.532
0.649
0.707
0.678
0.626
0.69
0.662
0.671
0.768
0.73
0.639
0.791
0.765
1.294
0.819
0.787
0.754
0.804
0.769
0.816
0.424
0.688
0.886
0.672
0.787
0.799
0.681
0.814
0.826
0.699
0.763
0.793
0.798
0.728
0.793
0.768
0.85
0.744
0.686
0.869
0.876
0.743
0.649
0.777
0.713
0.673
0.804
0.733
0.335
0.686
0.698
0.738
0.4
0.841
0.686
0.706
0.782
0.892
0.539
0.57
0.993
0.826
1.023
0.864
0.439
1.085
0.943
0.893
0.99
0.929
0.776
0.967
0.819
0.798
0.936
0.729
0.671
0.955
0.852
0.576
1.371
0.684
0.852
1.543
0.673
0.453
0.761
0.887
0.939
0.786
1.358
1.031
0.88
0.792
0.865
0.998
0.762
0.598
0.915
0.85
1.131
0.825
0.915
0.646
1.146
0.854
0.792
0.901
0.881
1.037
0.945
1.028
0.849
1.006
0.97
0.576
0.986
0.83
0.935
0.72
0.83
0.779
0.768
0.62
0.692
0.576
0.709
0.693
0.522
0.786
0.79
0.842
0.819
0.793
0.917
0.897
0.888
0.734
0.79
0.791
0.656
0.742
0.717
0.714
0.838
0.898
0.611
0.885
0.889
0.809
0.829
0.925
0.89
0.797
0.891
0.522
0.82
0.822
0.538
0.799
0.728
0.862
0.873
0.659
0.611
0.847
0.762
0.815
1.151
0.777
0.82
0.822
0.733
0.906
0.864
0.657
0.759
1.558
0.647
0.808
0.711
0.827
0.96
0.845
0.771
0.907
0.804
0.711
0.836
0.905
0.921
0.849
0.809
0.849
0.821
0.891
0.725
0.807
0.731
0.743
0.891
1.022
0.756
0.824
0.676
0.761
0.862
0.753
0.736
0.725
0.732
0.67
0.669
0.685
0.709
0.813
0.711
0.732
0.608
0.449
0.725
0.625
0.686
0.626
0.603
0.531
0.619
0.689
0.589
0.606
0.559
0.692
0.645
0.382
0.64
0.534
0.742
0.207
0.538
0.59
0.531
0.569
0.613
0.663
0.538
0.365
0.672
0.507
0.22
0.176
0.691
0.674
0.694
0.544
0.598
0.516
0.535
0.542
0.615
0.529
0.626
0.775
0.646
0.559
0.756
0.788
0.761
0.881
0.409
0.696
0.203
0.761
0.619
0.651
0.686
1.035
0.672
0.711
0.675
0.211
0.351
0.795
0.764
0.506
0.723
0.79
0.681
0.753
0.574
0.564
0.663
0.647
0.603
0.688
0.733
0.679
0.636
0.571
0.605
0.575
0.642
0.651
0.566
0.512
0.646
0.475
0.954
0.542
0.556
0.795
0.882
0.416
0.6
0.362
0.847
0.49
0.433
0.6
0.604
0.524
0.545
0.601
0.472
0.558
0.516
0.367
0.399
0.563
0.477
0.631
0.64
0.657
0.614
0.59
0.595
0.629
0.597
0.549
0.648
0.552
0.551
0.611
0.634
0.709
0.563
0.555
0.643
0.605
0.629
0.549
0.595
0.563
0.531
0.703
0.67
0.68
0.661
0.621
0.744
0.581
0.545
0.491
0.693
0.62
0.708
0.688
0.671
0.673
0.698
0.609
0.638
0.591
0.583
0.545
0.541
0.427
0.525
0.549
0.56
0.527
0.541
0.543
0.476
0.562
0.538
0.483
0.629
0.575
0.562
0.594
0.565
0.483
0.498
0.852
0.455
0.493
0.457
0.533
0.435
0.419
0.481
0.44
0.771
0.48
0.48
0.645
0.616
0.4
0.805
0.722
0.6
0.589
0.554
0.505
0.587
0.629
0.567
0.521
0.574
0.515
0.453
0.445
0.427
0.516
0.586
0.538
0.631
0.464
0.549
0.533
0.57
0.454
0.564
0.53
0.523
0.504
0.493
0.551
0.409
0.499
0.523
0.496
0.445
0.512
0.522
0.399
0.493
0.562
0.42
0.496
0.531
0.415
0.478
0.475
0.493
0.429
0.478
0.398
0.462
0.432
0.521
0.674
0.441
0.44
0.387
0.482
0.396
0.534
0.446
0.596
0.431
0.519
0.343
0.513
0.462
0.502
0.428
0.388
0.566
0.51
0.438
0.552
0.406
0.494
0.488
0.447
0.432
0.326
0.469
0.563
0.499
0.478
0.48
0.556
0.388
0.444
0.466
0.602
0.528
0.489
0.519
0.547
0.556
0.615
0.547
0.426
0.374
0.454
0.486
0.489
0.464
0.57
0.462
0.541
0.415
0.571
0.624
0.519
0.37
0.604
0.532
0.54
0.6
0.608
0.384
0.475
0.609
0.53
0.471
0.596
0.353
0.58
0.523
0.697
0.518
0.625
0.569
0.479
0.553
0.354
0.46
0.495
0.537
0.453
0.507
0.47
0.528
0.343
0.508
0.358
0.64
0.511
0.477
0.46
0.391
0.528
0.568
0.458
0.545
0.42
0.607
0.514
0.551
0.39
0.475
0.586
0.446
0.485
0.483
0.64
0.386
0.467
0.753
0.457
0.454
0.427
0.285
0.661
0.595
0.388
0.485
0.513
0.472
0.457
0.508
0.542
0.593
0.601
0.45
0.47
0.474
0.577
0.418
0.528
0.48
0.647
0.554
0.573
0.524
0.51
0.529
0.474
0.557
0.658
0.673
0.745
0.611
0.455
0.625
0.64
0.768
0.636
0.709
0.777
0.668
0.786
0.756
0.837
0.537
0.665
0.837
0.409
0.653
0.885
0.773
0.716
0.762
0.748
0.798
0.837
0.783
0.796
0.555
0.915
0.984
0.859
0.609
0.826
0.865
0.772
0.85
0.772
0.71
0.668
0.726
0.822
0.604
0.652
0.594
0.574
0.552
0.575
0.522
0.479
0.484
0.721
0.552
0.525
0.426
0.368
0.383
0.436
0.451
0.409
0.432
0.266
0.263
0.384
0.295
0.442
0.37
0.444
0.442
0.445
0.419
0.474
0.38
0.45
0.502
0.503
0.56
0.562
0.518
0.446
0.571
0.427
0.522
0.529
0.485
0.464
0.477
0.523
0.546
0.586
0.51
0.437
0.49
0.511
0.592
0.591
0.538
0.544
0.562
0.531
0.456
0.576
0.434
0.488
0.547
0.486
0.52
0.404
0.782
0.478
0.519
0.524
0.55
0.471
0.529
0.501
0.62
0.44
0.649
0.51
0.532
0.726
0.583
0.6
0.571
0.597
0.687
0.574
0.569
0.563
0.58
0.525
0.562
0.487
0.499
0.459
0.461
0.581
0.469
0.421
0.46
0.5
0.563
0.414
0.393
0.355
0.416
0.396
0.425
0.414
0.398
0.359
0.368
0.394
0.381
0.347
0.341
0.328
0.287
0.416
0.407
0.386
0.464
0.458
0.488
0.571
0.451
0.417
0.32
0.331
0.367
0.374
0.414
0.308
0.351
0.283
0.357
0.349
0.374
0.374
0.394
0.396
0.283
0.372
0.33
0.365
0.37
0.49
0.393
0.375
0.38
0.369
0.297
0.289
0.288
0.291
0.235
0.281
0.289
0.319
0.225
0.547
0.29
0.258
0.289
0.363
0.33
0.296
0.334
0.329
0.304
0.3
0.308
0.333
0.339
0.303
0.358
0.306
0.3
0.356
0.331
0.417
0.361
0.398
0.484
0.516
0.412
0.5
0.499
0.291
0.474
0.51
0.459
0.48
0.462
0.5
0.695
0.58
0.509
0.443
0.481
0.413
0.492
0.644
1.109
0.548
0.535
0.504
0.408
0.493
0.548
0.474
0.607
0.567
0.59
0.553
0.48
0.491
0.546
0.611
0.472
0.577
0.527
0.547
0.572
0.543
0.602
0.491
0.524
0.476
0.556
0.537
0.522
0.444
0.428
0.441
0.5
0.462
0.46
0.532
0.405
0.377
0.401
0.441
0.416
0.383
0.386
0.391
0.364
0.433
0.399
0.392
0.41
0.395
0.483
0.31
0.419
0.446
0.433
0.492
0.384
0.385
0.343
0.385
0.356
0.353
0.398
0.388
0.391
0.43
0.311
0.375
0.334
0.392
0.349
0.288
0.429
0.371
0.451
0.476
0.405
0.406
0.327
0.376
0.397
0.539
1.216
0.454
0.447
0.454
0.472
0.438
0.467
0.549
0.411
0.402
0.422
0.4
0.373
0.293
0.402
0.3
0.325
0.466
0.337
0.377
0.399
0.267
0.418
0.399
0.438
0.404
0.409
0.336
0.338
0.329
0.355
0.345
0.333
0.395
0.397
0.343
0.311
0.28
0.314
0.321
0.305
0.341
0.372
0.371
0.281
0.336
0.308
0.3
0.284
0.326
0.311
0.33
0.305
0.322
0.326
0.336
0.348
0.369
0.427
0.332
0.36
0.454
0.395
0.366
0.362
0.374
0.418
0.384
0.405
0.452
0.476
0.428
0.45
0.441
0.465
0.898
0.451
0.455
0.419
0.516
0.431
0.452
0.443
0.456
0.446
0.313
0.449
0.405
0.474
0.455
0.528
0.506
0.423
0.469
0.416
0.577
0.454
0.648
0.446
0.516
0.548
0.563
0.521
0.529
0.445
0.44
0.518
0.499
0.675
0.559
0.497
0.625
0.479
0.496
0.569
0.544
0.552
0.345
0.575
0.564
0.561
0.611
0.681
0.671
0.616
0.53
0.615
0.552
0.58
0.783
0.564
0.624
0.573
0.434
0.475
0.316
0.482
0.48
0.434
0.47
0.436
0.359
0.344
0.467
0.471
0.369
0.383
0.44
0.391
0.314
0.38
0.334
0.289
0.326
0.311
0.295
0.324
0.374
0.467
0.397
0.408
0.344
0.417
0.382
0.424
0.352
0.599
0.399
0.245
0.43
0.431
0.404
0.336
0.484
0.418
0.358
0.465
0.466
0.825
0.43
0.502
0.56
0.402
0.479
0.417
0.531
0.568
0.593
0.51
0.427
0.495
0.503
0.454
0.495
0.478
0.476
0.426
0.481
0.446
0.535
0.499
0.393
0.378
0.504
0.324
0.507
0.438
0.517
0.534
0.5
0.53
0.459
0.485
0.551
0.483
0.521
0.424
0.355
0.463
0.569
0.518
0.486
0.557
0.46
0.67
0.477
0.385
0.525
0.541
0.326
0.5
0.551
0.47
0.602
0.531
0.47
0.517
0.475
0.322
0.473
0.613
0.516
0.376
0.433
0.527
0.544
0.421
0.476
0.562
0.445
0.453
0.492
0.368
0.444
0.318
0.41
0.634
0.439
0.474
0.419
0.406
0.495
0.379
0.473
0.465
0.503
0.476
0.411
0.562
0.429
0.276
0.335
0.379
0.536
0.507
0.455
0.378
0.423
0.362
0.43
0.336
0.348
0.348
0.397
0.376
0.415
0.452
0.334
0.414
0.391
0.383
0.431
0.401
0.317
0.369
0.424
0.424
0.374
0.358
0.438
0.337
0.424
0.431
0.425
0.439
0.472
0.503
0.446
0.323
0.467
0.483
0.394
0.245
0.329
0.319
0.359
0.43
0.366
0.455
0.38
0.371
0.39
0.469
0.654
0.39
0.422
0.473
0.487
0.415
0.429
0.413
0.464
0.465
0.484
0.529
0.539
0.399
0.297
0.228
0.418
0.464
0.41
0.419
0.618
0.434
0.528
0.42
0.28
0.365
0.342
