-6.5
-31.72
-31.19
-27.78
-29.92
-24.73
-26.55
-15.59
-28.75
-19.13
-23.39
-20.55
-16.8
-27.83
-12.32
0.02
0.0
-28.91
-29.94
-17.79
-13.45
-29.61
-22.31
-20.06
-12.59
-14.56
-15.5
-1.17
-1.01
0.0
0.03
0.0
-27.16
-27.67
-33.55
-20.45
-26.14
-21.92
-25.28
-16.19
-2.56
-24.01
-20.03
-27.84
-34.02
-32.78
-28.86
-13.19
-31.36
-25.73
-14.35
-12.78
-18.74
-33.42
-0.14
-4.9
-24.04
0.0
-17.26
-25.34
-22.8
-5.48
-21.54
-29.47
-0.04
-25.96
-23.94
-23.05
-23.32
-32.17
-26.15
-4.0
-12.53
1.03
-15.79
-22.72
-1.18
-25.64
-25.52
-27.04
-17.13
-28.95
-15.17
-18.99
-13.73
-22.84
-25.68
-0.01
-0.42
-25.53
-30.6
-29.65
-17.07
-22.04
-3.06
0.0
0.0
-20.98
-14.93
-26.85
-26.89
-29.85
0.02
-10.8
-21.35
-24.04
0.06
0.0
-29.21
-29.75
0.1
-28.39
-25.63
0.0
-14.72
-23.57
-21.46
-18.04
-3.66
-37.94
-29.04
-4.29
0.0
-19.22
-22.13
-37.47
-16.06
-29.74
-26.38
-14.09
0.09
-18.56
-31.92
-4.97
-18.2
-27.9
0.07
-31.39
-34.61
-26.7
-8.26
-14.04
-14.89
-2.18
0.05
-1.0
-16.81
-29.37
0.03
-39.3
-26.49
0.01
-28.21
-24.25
-26.11
-20.66
-7.33
-1.31
-0.01
0.51
0.0
-16.66
-22.13
-24.67
-20.62
-2.85
0.06
0.01
-18.72
-23.34
-17.56
0.05
-0.01
0.03
-16.42
-15.58
-26.07
-11.2
-21.3
-10.73
0.01
-18.77
-5.73
-24.99
-18.49
-1.36
-25.46
-25.62
-5.71
-9.33
-28.05
-9.46
-25.21
0.0
-15.75
-22.56
-27.84
-1.01
-25.38
-34.19
0.0
-26.38
-8.54
-23.02
-14.76
-6.57
-19.34
-28.03
-29.85
-22.83
-14.0
0.06
-5.23
-25.89
-31.01
1.09
-29.46
-25.72
-12.4
-28.48
-0.36
0.11
-27.95
-36.75
0.0
-31.18
-19.3
-12.19
-16.29
-1.88
0.02
-10.98
-0.93
-22.11
0.0
-31.09
0.0
-26.77
-23.16
-21.44
-18.0
-30.14
-21.56
-17.35
-21.03
-19.26
-22.47
-1.28
-26.94
-4.94
-7.99
-22.94
0.0
-17.33
-21.91
-17.86
-10.05
-17.27
-21.93
-30.75
-22.21
-29.4
-14.28
-23.82
-30.9
-17.01
-0.01
-29.2
-11.27
-23.18
-18.04
-35.33
-24.16
-15.36
-9.28
-16.71
-2.14
-18.83
-9.67
-26.97
-21.59
-2.76
-15.16
-18.8
-17.38
-16.3
-22.83
-22.38
-14.4
-25.25
-11.83
0.0
-20.02
-17.37
-20.76
-25.39
-20.27
-16.06
-3.62
-16.61
-25.52
-22.62
-11.77
-8.84
-14.71
-20.51
-7.71
-27.39
-23.96
-18.53
-20.2
-31.63
1.01
-23.15
-15.92
-20.03
-23.15
-4.54
-17.78
-16.6
-13.4
-12.03
2.07
-27.6
-8.09
4.68
0.0
-0.99
0.0
-28.23
-11.97
-22.05
-13.53
-12.93
-10.71
-31.39
-19.22
0.0
-13.96
-5.1
-17.59
-21.15
1.01
-19.22
-25.21
-13.16
-12.33
-7.89
-8.44
-7.45
-24.7
-28.74
-19.53
-18.31
-27.29
-2.84
-12.47
-14.59
2.66
-20.72
-11.2
-14.06
0.04
-8.02
-15.35
-0.95
2.91
-23.03
-26.07
-24.04
-21.79
-22.89
-24.3
-6.01
-0.97
0.06
0.0
0.01
-12.8
-21.93
-29.34
-20.12
-22.17
-23.17
0.03
-24.36
0.26
-23.85
-12.41
-17.36
-10.48
-0.04
-21.16
-10.19
-6.39
-20.95
-13.93
-5.13
0.01
-21.79
-21.5
-2.69
-21.95
-26.09
-25.03
-14.16
-25.77
0.04
-15.08
-29.53
-20.63
2.87
-10.68
-4.99
-10.05
-13.79
-22.92
-2.98
0.02
-18.41
-14.36
-28.78
-1.6
-2.74
-17.9
2.34
0.01
-3.25
-15.35
1.67
-2.17
-9.54
-9.43
0.13
-13.14
-2.56
0.05
-5.72
-6.67
-4.65
-14.47
-18.68
-7.68
0.01
0.07
-17.57
-0.85
0.0
-16.6
-4.27
-14.06
-0.79
-11.74
-8.73
-14.45
-18.32
-31.91
-17.58
-31.44
-11.99
-19.56
-22.78
-33.53
-31.3
-13.59
-15.18
-10.83
-28.75
-23.66
-1.79
-3.39
-12.54
-9.83
-0.23
0.32
-16.37
-8.09
0.98
-3.85
-22.44
-11.83
-1.08
-18.09
-20.7
0.2
-26.11
-0.19
1.1
-8.29
-30.61
0.73
-19.14
-9.83
0.01
-5.58
-2.03
-19.74
-16.31
-21.03
-18.66
-3.11
-1.66
-15.93
2.59
-13.88
-26.08
-5.25
-16.34
-18.86
0.02
5.35
-7.68
-10.07
-0.34
-26.85
-24.33
-21.94
-11.95
7.05
-0.16
6.36
-0.96
0.03
-7.2
0.25
-0.76
-16.57
2.13
-21.47
-1.77
0.11
0.96
0.0
-15.71
-2.17
-2.21
-4.87
-8.53
-37.02
-2.08
0.0
0.0
-18.79
-8.55
-14.26
-0.03
-18.63
-22.81
-23.93
-3.17
-25.31
-11.82
-19.24
-10.63
0.05
-9.13
-8.69
-3.47
-4.58
-18.51
-18.99
1.2
-15.44
-33.71
6.46
-0.87
-13.4
-7.99
-5.45
-9.89
0.0
-21.05
0.26
-32.95
-24.42
-21.25
0.95
-25.89
-11.43
-8.31
-21.76
-35.89
0.0
-7.72
-9.35
-16.44
-13.57
-20.18
-21.68
-28.58
-24.8
-21.19
-15.19
-8.14
-15.31
-0.62
-17.27
-3.53
-18.41
-16.9
-8.48
-11.7
-6.33
-26.6
-14.97
-15.23
-31.73
-6.46
-9.47
0.19
-12.91
-2.13
-21.9
-24.8
-18.51
-0.88
0.13
-16.01
0.01
-16.73
0.03
2.06
-5.83
0.3
-22.96
-3.33
-14.72
-5.81
-17.66
-19.92
0.01
-24.6
-3.22
-8.74
-17.01
0.22
-19.41
-21.28
0.18
-17.84
2.33
-7.79
-22.25
-10.19
-7.76
-21.36
-11.8
-3.15
-9.81
-22.66
-17.01
-0.95
-30.86
0.27
-22.62
-24.56
-19.63
-12.12
-15.0
-20.15
-0.81
-20.25
-11.3
-4.38
-15.0
-13.03
-29.53
0.0
-6.99
-23.36
-6.95
1.24
-10.98
0.86
-1.1
3.92
-16.06
-4.88
0.06
-1.09
-10.29
-8.48
-22.36
-1.62
-25.54
-24.66
-19.26
-18.7
0.06
-12.95
-4.7
-2.1
-13.85
-24.43
-14.28
-27.45
-24.62
-26.33
-6.71
-22.35
-15.51
-29.75
-26.05
-13.95
-16.69
-2.32
-13.4
-6.78
-3.4
-16.2
-20.84
-14.33
-13.14
-6.93
-12.69
-6.79
-6.58
-5.81
0.0
3.48
-25.51
-10.35
-2.41
-20.7
-1.42
-14.55
-8.99
-17.03
5.2
-13.66
0.47
-13.61
-16.99
-7.22
-2.73
-14.86
-3.26
0.2
-12.19
5.69
0.05
-18.17
-22.51
-21.26
-26.29
-14.41
-30.19
-3.01
-11.31
-22.9
-13.96
-18.77
-8.48
-14.37
-1.15
-6.28
-24.66
-4.14
-5.73
-28.33
-30.51
-23.0
-26.89
-12.05
-1.32
-0.86
-7.92
-1.23
0.0
-17.38
-25.34
-2.86
0.05
-28.26
-12.86
-17.23
-29.49
-18.84
0.0
0.14
-20.42
-24.65
-35.55
-15.5
0.04
-23.89
-16.69
-3.16
-13.53
-16.06
0.19
-6.16
-7.39
-27.54
1.66
-7.53
-24.38
-3.58
-16.6
0.24
0.07
-17.74
8.47
0.12
-11.81
0.01
-1.29
-19.17
-24.63
-1.32
2.61
-4.83
-20.12
-16.72
-11.81
-1.9
-11.01
-0.02
2.58
-10.53
2.66
-0.58
-17.92
-8.27
-4.2
-22.18
-1.47
-3.11
-7.52
-5.74
-9.37
-11.66
-0.02
-5.46
1.56
0.12
2.99
-19.57
-4.18
-19.71
-3.29
-22.47
-1.01
-3.35
-19.75
-10.17
-13.49
-4.14
0.06
-12.95
-10.93
-3.35
-24.02
-3.57
-12.67
-18.5
-10.6
-14.53
-29.02
-21.53
-11.24
-10.99
-5.57
-13.79
-25.48
-13.0
-1.05
-25.24
-6.26
-10.33
-2.48
-7.85
-9.5
-0.99
-26.98
0.09
-20.4
-11.64
0.2
-9.59
-14.02
-22.31
-13.08
-19.66
-10.35
-17.95
-26.7
-14.88
-0.42
-5.89
-1.45
-14.6
-18.11
-4.62
-11.93
-11.97
-16.08
0.12
-26.24
-28.68
-29.46
-23.26
-22.6
-16.47
-6.17
-7.7
-11.37
-11.73
-22.97
-4.46
5.22
-2.32
-7.84
-1.91
-16.21
-25.23
-10.48
-10.16
-14.42
-18.74
-23.59
-6.26
-15.08
-14.84
-25.64
-1.64
-25.19
-6.27
-26.13
-6.47
-20.94
-1.87
-19.79
-29.97
-29.95
-14.42
1.78
-5.0
-8.16
0.35
-14.61
-3.22
-20.84
-17.73
-31.47
-14.63
-4.81
-1.3
-4.64
-7.03
-7.53
-26.94
-14.44
0.0
2.17
-25.84
-20.35
0.02
-0.95
-10.3
-0.12
-20.48
-17.6
-14.0
-14.02
-0.97
0.54
-4.52
0.01
0.01
-12.37
-7.49
-2.91
-11.22
-24.51
-23.92
0.03
-13.56
0.0
-23.95
1.85
-3.3
-11.2
-10.05
-13.79
-0.37
-9.58
-1.47
1.12
-3.08
0.0
-22.29
-26.32
-20.59
-36.1
0.22
-26.58
-1.43
-7.85
0.0
0.0
-15.81
0.0
-3.95
-13.9
-6.88
-12.66
-30.65
-14.77
-8.28
-15.22
-25.96
-3.57
-15.45
-0.79
-27.41
-10.54
-21.55
-17.89
-12.71
-1.2
-14.08
-3.59
-6.99
-17.3
-29.98
0.13
0.0
-20.67
-8.96
0.14
0.02
-16.56
-3.41
-1.43
3.6
-4.75
-11.56
-9.75
-29.87
-9.89
-19.48
-4.79
-18.27
-20.44
1.06
0.59
-3.68
-17.93
-18.76
-5.74
-27.73
-12.32
-19.22
-7.71
-27.12
-27.41
-33.67
-26.0
-36.62
-15.3
-26.59
-23.31
-9.53
-13.18
-1.58
-20.93
-10.38
-11.87
-18.54
-8.89
-18.21
-16.83
-16.97
-27.16
-12.14
-14.6
-5.49
-37.65
-34.32
-18.01
1.91
-5.94
-16.33
-12.1
-29.4
-8.84
-25.29
-6.81
-20.81
-28.24
-11.91
-18.28
-28.37
0.26
0.24
-18.69
-22.86
-11.05
-19.04
-26.23
-6.46
-20.37
-19.49
-25.16
0.09
-2.01
-21.32
-32.04
-28.15
-20.39
-22.61
-8.99
-1.92
-12.95
-16.04
-17.5
-20.8
-20.19
-27.05
-17.52
-39.85
-2.32
-18.76
-18.76
-25.01
-17.21
0.0
0.06
-22.44
-26.34
-27.16
-22.69
-17.15
-19.69
-28.26
-9.02
-17.44
0.02
-7.07
-5.99
-4.83
-27.15
-22.92
-22.89
-24.0
-5.51
-23.37
-24.8
-23.09
-14.81
0.19
-0.89
-7.0
-13.89
-21.51
-26.58
-2.33
-35.08
-25.34
-23.18
-11.68
-23.63
-12.57
-15.18
-2.29
-4.8
-8.31
-19.35
-26.13
-23.05
-9.5
-26.69
-6.78
-3.29
-6.74
-14.83
-4.91
-21.33
-14.21
-14.26
1.97
-15.59
-14.24
-23.61
-25.05
-9.04
-4.25
-16.17
0.34
-4.34
-12.79
-1.63
-20.16
-11.84
-11.12
-14.76
-14.18
-17.08
-26.26
-12.4
0.25
-15.39
-19.05
-0.95
-16.51
-17.89
0.0
-10.07
-1.63
-19.86
-11.92
-22.84
-15.46
0.21
-9.2
-15.61
-11.82
-17.66
-17.28
-23.36
-17.39
-26.91
-3.69
3.2
-7.9
-4.21
-1.38
-13.66
1.08
-11.3
-20.25
-24.08
-18.48
0.13
-16.98
2.17
-20.97
0.14
0.31
-25.32
-14.11
-5.01
-4.27
0.03
-0.44
-10.92
-11.01
-2.37
-12.01
-0.64
-14.55
-6.23
-2.72
-4.38
-7.53
-13.02
-22.51
-4.49
1.22
-24.71
-14.88
-11.45
-10.78
-13.58
-1.31
-28.32
0.32
-9.83
-0.84
-15.82
-22.26
-17.42
-1.26
0.11
-10.02
-6.22
-8.21
-3.43
-1.96
-6.59
-17.04
-7.82
-2.08
-19.63
0.12
-21.14
-4.08
-23.86
-7.01
-3.01
-18.32
-3.4
-1.91
-18.83
-27.88
-0.07
-3.19
0.0
-5.19
-11.31
0.01
-8.06
-2.12
-19.29
-23.26
-20.01
-20.4
-27.68
-21.39
-21.83
-0.16
-2.93
-14.43
-28.6
-22.35
-6.96
-3.5
-6.33
-1.49
-11.7
-14.02
-13.64
-22.36
-20.06
-26.06
-20.04
-14.47
-17.91
-15.31
-18.69
-5.95
2.18
3.25
-8.7
-6.47
-18.42
-16.56
3.17
-25.92
-9.34
0.01
-18.67
-2.57
3.36
-14.2
-10.84
-18.36
-15.06
-4.51
-16.14
5.15
2.11
-1.1
5.73
-12.34
0.15
1.24
-2.04
-14.11
-17.87
-13.86
-14.0
-25.36
-11.87
-4.08
-7.36
-9.9
-27.65
-7.42
-9.58
-25.95
-2.39
-12.15
-6.07
-7.47
-21.61
-19.65
-15.75
-23.41
-9.7
-20.81
-20.27
-11.06
-6.0
0.06
0.01
-10.45
0.06
-8.7
-9.57
-21.92
-15.62
-1.54
-24.8
-6.3
-5.26
-4.21
-9.51
-18.82
0.29
-0.71
-17.87
-2.42
-19.15
-11.87
-20.6
-11.81
-12.67
-17.27
-24.64
-26.17
-11.66
-4.09
-3.82
-24.72
-14.9
-34.21
-24.43
-6.89
-2.1
-26.28
-15.39
-26.99
-24.49
-23.95
-15.69
-3.67
-22.49
-32.52
-17.44
0.0
-3.0
-5.62
-3.08
-25.83
-0.11
-12.84
-1.5
-14.36
-20.96
-0.31
-16.22
-3.39
-2.99
-9.39
1.86
-13.93
-16.12
-19.17
-25.67
-17.93
-20.72
-14.81
-21.39
-23.49
-7.58
-17.8
-16.09
-3.57
-2.13
-23.74
-4.02
-26.87
-10.64
-7.63
-0.55
-17.99
-7.69
-24.67
-32.26
-20.94
-1.93
-4.56
-16.02
-2.24
-18.87
-2.14
-19.61
-9.21
-11.54
-0.98
-1.72
-23.51
-22.62
-15.93
-0.18
-22.71
-7.49
0.28
-20.24
-21.13
-0.39
-1.76
-12.56
-11.88
-1.32
-1.66
-13.93
0.12
-5.1
-21.66
-14.79
-9.12
-31.5
-0.67
-3.06
-24.18
-9.1
-17.77
-13.0
-1.64
-10.87
-5.23
3.18
-29.66
-18.68
-13.05
0.29
-23.54
0.38
-21.6
-4.69
-19.9
0.04
0.0
-20.25
-14.11
-19.79
-24.54
-24.76
-6.74
-18.7
-4.71
-30.83
-4.33
-9.89
-2.95
-20.56
-18.26
-31.27
-26.62
-29.98
-16.99
-12.83
-22.23
-6.84
-0.5
-30.78
-26.84
-14.85
-7.18
-17.99
0.0
-13.54
0.13
-26.59
-21.35
-11.68
-8.24
0.35
-10.98
-1.92
0.28
0.11
0.0
-12.17
-4.48
0.02
-26.34
-3.09
-33.24
0.19
-14.15
-1.45
-13.2
-11.06
-9.34
-3.85
-9.2
-3.34
-14.91
0.07
-0.88
-20.76
-11.92
-19.35
-22.79
-20.13
-27.69
-9.44
-5.97
0.14
-29.0
-19.68
-2.06
-2.82
0.05
-14.76
-12.3
-12.82
-1.95
-15.16
-1.6
-27.17
0.12
-5.83
-15.74
-9.15
-17.11
-11.72
-18.16
-13.53
-20.62
-15.98
-26.22
-26.31
-22.94
-4.95
-0.71
-19.64
1.1
-1.84
-0.74
-20.34
-17.02
-12.36
-20.81
-18.98
-23.87
-10.22
-2.97
-15.61
-29.02
-21.47
-32.09
-15.91
-30.79
-7.56
-9.06
-8.72
-24.95
-4.63
0.01
-12.26
-12.19
-9.03
-23.09
-15.65
-4.81
0.1
-23.05
-24.45
-1.91
-23.64
-18.17
-5.15
-1.71
1.27
-8.08
-31.06
-13.01
-1.56
-0.23
-21.8
-2.82
-3.47
-8.12
-4.45
-27.65
-2.69
-1.89
-21.93
-8.05
-24.29
-11.96
-16.73
-14.71
0.37
-5.18
-24.86
-22.36
-4.76
-0.02
-5.73
-19.39
-12.7
-1.43
-5.41
-15.11
-25.98
-6.19
-15.0
-23.33
-0.5
-29.22
-15.31
-4.37
-5.15
-27.15
-20.28
-23.15
-16.74
-10.84
-14.64
-25.53
-21.84
-9.18
-20.85
-16.26
-22.38
-22.19
-13.57
-4.92
-4.37
-6.96
-27.09
-16.7
-27.75
-29.17
-20.31
-9.35
-34.08
-3.44
-21.93
0.18
-19.56
-6.67
0.02
-26.88
-22.59
-15.66
-7.78
-8.08
-15.7
-1.35
-17.0
-13.35
0.69
-20.52
-14.5
-0.11
-0.04
0.56
-25.29
-19.84
-1.87
4.78
-12.24
-2.64
-18.19
-16.51
-18.35
-18.51
-7.0
-1.22
-7.31
-10.26
-4.95
-24.26
-5.62
-0.8
-19.37
-3.27
-4.49
-3.11
-20.56
-2.06
-25.71
-6.58
-18.23
-18.19
-7.52
-25.26
-10.2
-0.1
-13.9
-15.45
-2.66
-3.03
-24.96
4.43
-3.93
-0.84
-29.39
0.31
0.29
-2.16
-0.77
-4.58
-3.79
-13.71
2.5
-18.18
-19.74
-1.6
-3.33
2.84
-16.13
0.02
-0.71
-23.0
-6.79
-0.96
-18.54
-3.37
-9.69
-6.49
-3.3
-13.1
1.83
-25.04
0.26
-20.21
-7.91
-2.08
3.24
-22.44
0.26
-22.76
-20.88
-1.17
-1.09
-6.69
-14.49
-4.02
-11.97
-6.95
0.26
-7.37
-9.01
-5.71
-20.23
-18.34
-12.22
-14.67
-17.85
-23.02
-8.26
-9.4
-2.94
-11.74
-17.6
0.02
-13.51
-19.8
-0.45
-2.22
1.4
-14.81
-23.73
0.62
-9.42
-1.68
0.35
-8.18
-2.29
-26.89
-10.11
-29.86
-18.78
-30.14
-12.37
-13.13
-18.22
-12.05
-4.26
-0.86
-23.36
-7.83
-13.13
-12.5
-14.11
-3.9
-5.77
-2.67
-7.82
0.34
-4.4
0.07
-9.7
4.36
-13.84
-8.85
-12.0
-25.79
-6.82
-1.67
0.91
0.74
-2.96
-4.78
-9.22
-10.8
-15.12
-22.19
-6.66
-15.46
-13.18
-4.38
-23.68
-7.17
-20.44
-9.81
0.0
-19.27
-1.26
-22.2
-7.6
0.05
-3.99
-27.04
-7.13
4.28
-12.1
-17.45
-10.4
-13.09
0.66
-14.47
-1.86
-1.39
-25.66
-1.18
-0.14
2.6
-11.93
-12.79
-6.6
-15.32
0.03
-17.83
-1.26
-15.49
-20.33
-21.69
-23.58
-1.29
-16.47
-8.41
-6.19
2.19
-10.47
-4.02
-20.58
-16.11
-15.5
-0.13
-8.52
-20.36
-2.93
-20.0
-17.51
-18.38
-1.21
-23.43
-6.45
-25.47
-2.72
0.84
-17.5
-20.69
0.26
0.0
0.0
-16.88
-1.67
-10.16
0.98
-13.53
-4.16
-15.15
-3.6
0.35
-27.07
-22.74
-1.96
-32.46
0.64
-15.69
-14.18
-0.28
-2.94
-5.85
0.18
-1.15
-23.47
0.9
0.16
-14.63
-8.84
-22.06
-14.34
-0.82
-3.04
-4.03
-9.26
-6.05
-1.2
-22.37
